   0.14505561E+19
   0.14572887E+19
   0.14640292E+19
   0.14707856E+19
   0.14775660E+19
   0.14843781E+19
   0.14912284E+19
   0.14981166E+19
   0.15050407E+19
   0.15119987E+19
   0.15189887E+19
   0.15260093E+19
   0.15330606E+19
   0.15401434E+19
   0.15472584E+19
   0.15544064E+19
   0.15615878E+19
   0.15688028E+19
   0.15760515E+19
   0.15833338E+19
   0.15906498E+19
   0.15979994E+19
   0.16053829E+19
   0.16128004E+19
   0.16202521E+19
   0.16277383E+19
   0.16352591E+19
   0.16428147E+19
   0.16504052E+19
   0.16580307E+19
   0.16656916E+19
   0.16733878E+19
   0.16811195E+19
   0.16888870E+19
   0.16966904E+19
   0.17045298E+19
   0.17124054E+19
   0.17203175E+19
   0.17282661E+19
   0.17362514E+19
   0.17442736E+19
   0.17523329E+19
   0.17604294E+19
   0.17685633E+19
   0.17767348E+19
   0.17849441E+19
   0.17931913E+19
   0.18014766E+19
   0.18098001E+19
   0.18181622E+19
   0.18265629E+19
   0.18350023E+19
   0.18434808E+19
   0.18519985E+19
   0.18605555E+19
   0.18691520E+19
   0.18777883E+19
   0.18864645E+19
   0.18951807E+19
   0.19039373E+19
   0.19127343E+19
   0.19215719E+19
   0.19304504E+19
   0.19393699E+19
   0.19483306E+19
   0.19573327E+19
   0.19663764E+19
   0.19754619E+19
   0.19845893E+19
   0.19937590E+19
   0.20029710E+19
   0.20122255E+19
   0.20215229E+19
   0.20308631E+19
   0.20402466E+19
   0.20496734E+19
   0.20591437E+19
   0.20686579E+19
   0.20782159E+19
   0.20878182E+19
   0.20974648E+19
   0.21071559E+19
   0.21168919E+19
   0.21266728E+19
   0.21364989E+19
   0.21463704E+19
   0.21562876E+19
   0.21662505E+19
   0.21762595E+19
   0.21863148E+19
   0.21964164E+19
   0.22065648E+19
   0.22167601E+19
   0.22270024E+19
   0.22372921E+19
   0.22476294E+19
   0.22580143E+19
   0.22684473E+19
   0.22789285E+19
   0.22894581E+19
   0.23000364E+19
   0.23106635E+19
   0.23213397E+19
   0.23320653E+19
   0.23428404E+19
   0.23536653E+19
   0.23645403E+19
   0.23754654E+19
   0.23864411E+19
   0.23974674E+19
   0.24085448E+19
   0.24196732E+19
   0.24308531E+19
   0.24420847E+19
   0.24533682E+19
   0.24647038E+19
   0.24760917E+19
   0.24875323E+19
   0.24990258E+19
   0.25105723E+19
   0.25221722E+19
   0.25338257E+19
   0.25455330E+19
   0.25572945E+19
   0.25691103E+19
   0.25809806E+19
   0.25929058E+19
   0.26048862E+19
   0.26169218E+19
   0.26290131E+19
   0.26411603E+19
   0.26533635E+19
   0.26656232E+19
   0.26779395E+19
   0.26903127E+19
   0.27027431E+19
   0.27152309E+19
   0.27277764E+19
   0.27403798E+19
   0.27530416E+19
   0.27657618E+19
   0.27785407E+19
   0.27913788E+19
   0.28042761E+19
   0.28172331E+19
   0.28302499E+19
   0.28433268E+19
   0.28564642E+19
   0.28696622E+19
   0.28829213E+19
   0.28962416E+19
   0.29096234E+19
   0.29230671E+19
   0.29365729E+19
   0.29501411E+19
   0.29637720E+19
   0.29774659E+19
   0.29912230E+19
   0.30050437E+19
   0.30189283E+19
   0.30328770E+19
   0.30468902E+19
   0.30609681E+19
   0.30751111E+19
   0.30893194E+19
   0.31035933E+19
   0.31179332E+19
   0.31323394E+19
   0.31468121E+19
   0.31613517E+19
   0.31759585E+19
   0.31906327E+19
   0.32053748E+19
   0.32201850E+19
   0.32350636E+19
   0.32500110E+19
   0.32650274E+19
   0.32801132E+19
   0.32952687E+19
   0.33104942E+19
   0.33257901E+19
   0.33411566E+19
   0.33565942E+19
   0.33721030E+19
   0.33876836E+19
   0.34033361E+19
   0.34190609E+19
   0.34348584E+19
   0.34507289E+19
   0.34666727E+19
   0.34826902E+19
   0.34987817E+19
   0.35149476E+19
   0.35311881E+19
   0.35475037E+19
   0.35638946E+19
   0.35803613E+19
   0.35969041E+19
   0.36135233E+19
   0.36302193E+19
   0.36469924E+19
   0.36638431E+19
   0.36807716E+19
   0.36977783E+19
   0.37148636E+19
   0.37320278E+19
   0.37492713E+19
   0.37665945E+19
   0.37839978E+19
   0.38014815E+19
   0.38190459E+19
   0.38366915E+19
   0.38544186E+19
   0.38722277E+19
   0.38901190E+19
   0.39080930E+19
   0.39261500E+19
   0.39442905E+19
   0.39625147E+19
   0.39808232E+19
   0.39992163E+19
   0.40176944E+19
   0.40362578E+19
   0.40549070E+19
   0.40736424E+19
   0.40924643E+19
   0.41113732E+19
   0.41303695E+19
   0.41494535E+19
   0.41686257E+19
   0.41878866E+19
   0.42072363E+19
   0.42266755E+19
   0.42462046E+19
   0.42658238E+19
   0.42855337E+19
   0.43053347E+19
   0.43252271E+19
   0.43452115E+19
   0.43652882E+19
   0.43854577E+19
   0.44057203E+19
   0.44260766E+19
   0.44465269E+19
   0.44670718E+19
   0.44877115E+19
   0.45084466E+19
   0.45292775E+19
   0.45502047E+19
   0.45712286E+19
   0.45923496E+19
   0.46135681E+19
   0.46348848E+19
   0.46562999E+19
   0.46778139E+19
   0.46994274E+19
   0.47211407E+19
   0.47429544E+19
   0.47648688E+19
   0.47868845E+19
   0.48090019E+19
   0.48312215E+19
   0.48535438E+19
   0.48759692E+19
   0.48984982E+19
   0.49211314E+19
   0.49438691E+19
   0.49667118E+19
   0.49896601E+19
   0.50127144E+19
   0.50358753E+19
   0.50591431E+19
   0.50825185E+19
   0.51060019E+19
   0.51295937E+19
   0.51532946E+19
   0.51771050E+19
   0.52010254E+19
   0.52250563E+19
   0.52491983E+19
   0.52734518E+19
   0.52978173E+19
   0.53222955E+19
   0.53468867E+19
   0.53715916E+19
   0.53964106E+19
   0.54213443E+19
   0.54463932E+19
   0.54715578E+19
   0.54968387E+19
   0.55222364E+19
   0.55477514E+19
   0.55733844E+19
   0.55991357E+19
   0.56250061E+19
   0.56509960E+19
   0.56771060E+19
   0.57033366E+19
   0.57296884E+19
   0.57561620E+19
   0.57827578E+19
   0.58094766E+19
   0.58363188E+19
   0.58632851E+19
   0.58903759E+19
   0.59175919E+19
   0.59449337E+19
   0.59724018E+19
   0.59999968E+19
   0.60277193E+19
   0.60555699E+19
   0.60835491E+19
   0.61116577E+19
   0.61398961E+19
   0.61682650E+19
   0.61967650E+19
   0.62253966E+19
   0.62541606E+19
   0.62830574E+19
   0.63120878E+19
   0.63412523E+19
   0.63705515E+19
   0.63999861E+19
   0.64295568E+19
   0.64592640E+19
   0.64891085E+19
   0.65190909E+19
   0.65492119E+19
   0.65794720E+19
   0.66098719E+19
   0.66404123E+19
   0.66710938E+19
   0.67019170E+19
   0.67328827E+19
   0.67639914E+19
   0.67952439E+19
   0.68266408E+19
   0.68581827E+19
   0.68898704E+19
   0.69217045E+19
   0.69536857E+19
   0.69858146E+19
   0.70180920E+19
   0.70505185E+19
   0.70830949E+19
   0.71158218E+19
   0.71486999E+19
   0.71817298E+19
   0.72149124E+19
   0.72482484E+19
   0.72817383E+19
   0.73153830E+19
   0.73491831E+19
   0.73831394E+19
   0.74172527E+19
   0.74515235E+19
   0.74859526E+19
   0.75205409E+19
   0.75552889E+19
   0.75901975E+19
   0.76252674E+19
   0.76604994E+19
   0.76958941E+19
   0.77314523E+19
   0.77671749E+19
   0.78030625E+19
   0.78391159E+19
   0.78753359E+19
   0.79117233E+19
   0.79482787E+19
   0.79850031E+19
   0.80218972E+19
   0.80589617E+19
   0.80961975E+19
   0.81336053E+19
   0.81711860E+19
   0.82089403E+19
   0.82468690E+19
   0.82849730E+19
   0.83232531E+19
   0.83617100E+19
   0.84003446E+19
   0.84391577E+19
   0.84781501E+19
   0.85173228E+19
   0.85566764E+19
   0.85962118E+19
   0.86359299E+19
   0.86758315E+19
   0.87159175E+19
   0.87561887E+19
   0.87966459E+19
   0.88372901E+19
   0.88781221E+19
   0.89191427E+19
   0.89603529E+19
   0.90017535E+19
   0.90433454E+19
   0.90851294E+19
   0.91271065E+19
   0.91692776E+19
   0.92116435E+19
   0.92542051E+19
   0.92969634E+19
   0.93399193E+19
   0.93830737E+19
   0.94264274E+19
   0.94699814E+19
   0.95137367E+19
   0.95576942E+19
   0.96018547E+19
   0.96462193E+19
   0.96907889E+19
   0.97355644E+19
   0.97805468E+19
   0.98257370E+19
   0.98711360E+19
   0.99167448E+19
   0.99625643E+19
   0.10008596E+20
   0.10054839E+20
   0.10101297E+20
   0.10147969E+20
   0.10194857E+20
   0.10241962E+20
   0.10289284E+20
   0.10336825E+20
   0.10384585E+20
   0.10432566E+20
   0.10480769E+20
   0.10529194E+20
   0.10577844E+20
   0.10626718E+20
   0.10675818E+20
   0.10725144E+20
   0.10774699E+20
   0.10824483E+20
   0.10874496E+20
   0.10924741E+20
   0.10975218E+20
   0.11025928E+20
   0.11076872E+20
   0.11128052E+20
   0.11179468E+20
   0.11231122E+20
   0.11283015E+20
   0.11335147E+20
   0.11387520E+20
   0.11440135E+20
   0.11492993E+20
   0.11546096E+20
   0.11599444E+20
   0.11653038E+20
   0.11706880E+20
   0.11760971E+20
   0.11815311E+20
   0.11869903E+20
   0.11924747E+20
   0.11979844E+20
   0.12035196E+20
   0.12090804E+20
   0.12146668E+20
   0.12202791E+20
   0.12259173E+20
   0.12315815E+20
   0.12372720E+20
   0.12429887E+20
   0.12487318E+20
   0.12545015E+20
   0.12602978E+20
   0.12661209E+20
   0.12719709E+20
   0.12778479E+20
   0.12837521E+20
   0.12896836E+20
   0.12956425E+20
   0.13016289E+20
   0.13076430E+20
   0.13136848E+20
   0.13197546E+20
   0.13258524E+20
   0.13319784E+20
   0.13381327E+20
   0.13443154E+20
   0.13505267E+20
   0.13567667E+20
   0.13630355E+20
   0.13693333E+20
   0.13756602E+20
   0.13820164E+20
   0.13884019E+20
   0.13948168E+20
   0.14012615E+20
   0.14077359E+20
   0.14142402E+20
   0.14207746E+20
   0.14273392E+20
   0.14339341E+20
   0.14405595E+20
   0.14472154E+20
   0.14539022E+20
   0.14606198E+20
   0.14673685E+20
   0.14741483E+20
   0.14809595E+20
   0.14878022E+20
   0.14946764E+20
   0.15015825E+20
   0.15085204E+20
   0.15154904E+20
   0.15224926E+20
   0.15295272E+20
   0.15365942E+20
   0.15436939E+20
   0.15508264E+20
   0.15579919E+20
   0.15651905E+20
   0.15724223E+20
   0.15796875E+20
   0.15869864E+20
   0.15943189E+20
   0.16016853E+20
   0.16090858E+20
   0.16165204E+20
   0.16239894E+20
   0.16314929E+20
   0.16390311E+20
   0.16466041E+20
   0.16542121E+20
   0.16618553E+20
   0.16695337E+20
   0.16772477E+20
   0.16849972E+20
   0.16927826E+20
   0.17006040E+20
   0.17084615E+20
   0.17163553E+20
   0.17242856E+20
   0.17322525E+20
   0.17402562E+20
   0.17482969E+20
   0.17563748E+20
   0.17644900E+20
   0.17726427E+20
   0.17808330E+20
   0.17890612E+20
   0.17973274E+20
   0.18056318E+20
   0.18139746E+20
   0.18223559E+20
   0.18307759E+20
   0.18392349E+20
   0.18477329E+20
   0.18562702E+20
   0.18648470E+20
   0.18734633E+20
   0.18821195E+20
   0.18908157E+20
   0.18995520E+20
   0.19083288E+20
   0.19171460E+20
   0.19260040E+20
   0.19349030E+20
   0.19438430E+20
   0.19528244E+20
   0.19618473E+20
   0.19709118E+20
   0.19800182E+20
   0.19891668E+20
   0.19983575E+20
   0.20075908E+20
   0.20168667E+20
   0.20261854E+20
   0.20355473E+20
   0.20449523E+20
   0.20544009E+20
   0.20638931E+20
   0.20734291E+20
   0.20830092E+20
   0.20926336E+20
   0.21023024E+20
   0.21120159E+20
   0.21217743E+20
   0.21315778E+20
   0.21414266E+20
   0.21513209E+20
   0.21612609E+20
   0.21712468E+20
   0.21812788E+20
   0.21913573E+20
   0.22014822E+20
   0.22116540E+20
   0.22218728E+20
   0.22321387E+20
   0.22424521E+20
   0.22528132E+20
   0.22632221E+20
   0.22736792E+20
   0.22841845E+20
   0.22947384E+20
   0.23053410E+20
   0.23159927E+20
   0.23266935E+20
   0.23374438E+20
   0.23482438E+20
   0.23590936E+20
   0.23699936E+20
   0.23809440E+20
   0.23919449E+20
   0.24029967E+20
   0.24140995E+20
   0.24252537E+20
   0.24364594E+20
   0.24477168E+20
   0.24590263E+20
   0.24703880E+20
   0.24818022E+20
   0.24932692E+20
   0.25047891E+20
   0.25163623E+20
   0.25279889E+20
   0.25396693E+20
   0.25514036E+20
   0.25631921E+20
   0.25750351E+20
   0.25869329E+20
   0.25988856E+20
   0.26108935E+20
   0.26229569E+20
   0.26350761E+20
   0.26472512E+20
   0.26594826E+20
   0.26717705E+20
   0.26841152E+20
   0.26965169E+20
   0.27089760E+20
   0.27214926E+20
   0.27340670E+20
   0.27466995E+20
   0.27593904E+20
   0.27721399E+20
   0.27849483E+20
   0.27978160E+20
   0.28107430E+20
   0.28237298E+20
   0.28367766E+20
   0.28498837E+20
   0.28630513E+20
   0.28762798E+20
   0.28895694E+20
   0.29029204E+20
   0.29163331E+20
   0.29298078E+20
   0.29433447E+20
   0.29569442E+20
   0.29706065E+20
   0.29843319E+20
   0.29981208E+20
   0.30119733E+20
   0.30258899E+20
   0.30398708E+20
   0.30539162E+20
   0.30680266E+20
   0.30822021E+20
   0.30964432E+20
   0.31107500E+20
   0.31251230E+20
   0.31395623E+20
   0.31540684E+20
   0.31686415E+20
   0.31832819E+20
   0.31979900E+20
   0.32127661E+20
   0.32276104E+20
   0.32425233E+20
   0.32575050E+20
   0.32725561E+20
   0.32876766E+20
   0.33028670E+20
   0.33181277E+20
   0.33334588E+20
   0.33488607E+20
   0.33643338E+20
   0.33798785E+20
   0.33954949E+20
   0.34111835E+20
   0.34269446E+20
   0.34427784E+20
   0.34586855E+20
   0.34746661E+20
   0.34907205E+20
   0.35068490E+20
   0.35230521E+20
   0.35393301E+20
   0.35556832E+20
   0.35721119E+20
   0.35886166E+20
   0.36051975E+20
   0.36218550E+20
   0.36385894E+20
   0.36554012E+20
   0.36722907E+20
   0.36892582E+20
   0.37063040E+20
   0.37234287E+20
   0.37406325E+20
   0.37579157E+20
   0.37752788E+20
   0.37927222E+20
   0.38102461E+20
   0.38278510E+20
   0.38455373E+20
   0.38633052E+20
   0.38811553E+20
   0.38990878E+20
   0.39171032E+20
   0.39352019E+20
   0.39533841E+20
   0.39716504E+20
   0.39900010E+20
   0.40084365E+20
   0.40269571E+20
   0.40455633E+20
   0.40642554E+20
   0.40830340E+20
   0.41018993E+20
   0.41208517E+20
   0.41398918E+20
   0.41590198E+20
   0.41782361E+20
   0.41975413E+20
   0.42169357E+20
   0.42364196E+20
   0.42559936E+20
   0.42756581E+20
   0.42954134E+20
   0.43152599E+20
   0.43351982E+20
   0.43552286E+20
   0.43753515E+20
   0.43955675E+20
   0.44158768E+20
   0.44362799E+20
   0.44567774E+20
   0.44773695E+20
   0.44980568E+20
   0.45188397E+20
   0.45397185E+20
   0.45606939E+20
   0.45817662E+20
   0.46029358E+20
   0.46242033E+20
   0.46455690E+20
   0.46670334E+20
   0.46885970E+20
   0.47102602E+20
   0.47320236E+20
   0.47538875E+20
   0.47758524E+20
   0.47979188E+20
   0.48200871E+20
   0.48423579E+20
   0.48647315E+20
   0.48872086E+20
   0.49097895E+20
   0.49324747E+20
   0.49552648E+20
   0.49781601E+20
   0.50011613E+20
   0.50242687E+20
   0.50474828E+20
   0.50708043E+20
   0.50942335E+20
   0.51177709E+20
   0.51414171E+20
   0.51651725E+20
   0.51890377E+20
   0.52130132E+20
   0.52370994E+20
   0.52612970E+20
   0.52856063E+20
   0.53100280E+20
   0.53345625E+20
   0.53592103E+20
   0.53839721E+20
   0.54088482E+20
   0.54338393E+20
   0.54589458E+20
   0.54841684E+20
   0.55095075E+20
   0.55349636E+20
   0.55605374E+20
   0.55862294E+20
   0.56120400E+20
   0.56379699E+20
   0.56640196E+20
   0.56901897E+20
   0.57164807E+20
   0.57428932E+20
   0.57694277E+20
   0.57960848E+20
   0.58228650E+20
   0.58497690E+20
   0.58767973E+20
   0.59039505E+20
   0.59312292E+20
   0.59586339E+20
   0.59861652E+20
   0.60138237E+20
   0.60416100E+20
   0.60695247E+20
   0.60975683E+20
   0.61257416E+20
   0.61540450E+20
   0.61824792E+20
   0.62110447E+20
   0.62397423E+20
   0.62685724E+20
   0.62975358E+20
   0.63266329E+20
   0.63558645E+20
   0.63852312E+20
   0.64147336E+20
   0.64443722E+20
   0.64741478E+20
   0.65040610E+20
   0.65341124E+20
   0.65643026E+20
   0.65946324E+20
   0.66251022E+20
   0.66557129E+20
   0.66864650E+20
   0.67173591E+20
   0.67483960E+20
   0.67795764E+20
   0.68109007E+20
   0.68423699E+20
   0.68739844E+20
   0.69057449E+20
   0.69376523E+20
   0.69697070E+20
   0.70019099E+20
   0.70342615E+20
   0.70667626E+20
   0.70994139E+20
   0.71322161E+20
   0.71651698E+20
   0.71982758E+20
   0.72315347E+20
   0.72649473E+20
   0.72985143E+20
   0.73322364E+20
   0.73661142E+20
   0.74001487E+20
   0.74343403E+20
   0.74686900E+20
   0.75031983E+20
   0.75378661E+20
   0.75726941E+20
   0.76076830E+20
   0.76428335E+20
   0.76781465E+20
   0.77136226E+20
   0.77492626E+20
   0.77850673E+20
   0.78210375E+20
   0.78571738E+20
   0.78934771E+20
   0.79299481E+20
   0.79665876E+20
   0.80033965E+20
   0.80403754E+20
   0.80775251E+20
   0.81148465E+20
   0.81523404E+20
   0.81900074E+20
   0.82278485E+20
   0.82658645E+20
   0.83040561E+20
   0.83424241E+20
   0.83809695E+20
   0.84196929E+20
   0.84585952E+20
   0.84976773E+20
   0.85369400E+20
   0.85763841E+20
   0.86160104E+20
   0.86558198E+20
   0.86958131E+20
   0.87359913E+20
   0.87763550E+20
   0.88169053E+20
   0.88576429E+20
   0.88985687E+20
   0.89396837E+20
   0.89809886E+20
   0.90224843E+20
   0.90641718E+20
   0.91060518E+20
   0.91481254E+20
   0.91903934E+20
   0.92328567E+20
   0.92755161E+20
   0.93183727E+20
   0.93614273E+20
   0.94046808E+20
   0.94481342E+20
   0.94917883E+20
   0.95356441E+20
   0.95797026E+20
   0.96239646E+20
   0.96684311E+20
   0.97131031E+20
   0.97579815E+20
   0.98030672E+20
   0.98483613E+20
   0.98938646E+20
   0.99395782E+20
   0.99855029E+20
   0.10031640E+21
   0.10077990E+21
   0.10124554E+21
   0.10171334E+21
   0.10218329E+21
   0.10265542E+21
   0.10312973E+21
   0.10360623E+21
   0.10408493E+21
   0.10456584E+21
   0.10504898E+21
   0.10553435E+21
   0.10602196E+21
   0.10651182E+21
   0.10700395E+21
   0.10749835E+21
   0.10799503E+21
   0.10849401E+21
   0.10899530E+21
   0.10949890E+21
   0.11000483E+21
   0.11051309E+21
   0.11102371E+21
   0.11153668E+21
   0.11205202E+21
   0.11256975E+21
   0.11308986E+21
   0.11361238E+21
   0.11413732E+21
   0.11466467E+21
   0.11519447E+21
   0.11572671E+21
   0.11626142E+21
   0.11679859E+21
   0.11733825E+21
   0.11788039E+21
   0.11842505E+21
   0.11897222E+21
   0.11952192E+21
   0.12007415E+21
   0.12062894E+21
   0.12118630E+21
   0.12174622E+21
   0.12230874E+21
   0.12287385E+21
   0.12344158E+21
   0.12401193E+21
   0.12458491E+21
   0.12516054E+21
   0.12573883E+21
   0.12631979E+21
   0.12690344E+21
   0.12748978E+21
   0.12807883E+21
   0.12867061E+21
   0.12926512E+21
   0.12986237E+21
   0.13046239E+21
   0.13106517E+21
   0.13167074E+21
   0.13227911E+21
   0.13289029E+21
   0.13350430E+21
   0.13412114E+21
   0.13474083E+21
   0.13536339E+21
   0.13598882E+21
   0.13661714E+21
   0.13724836E+21
   0.13788250E+21
   0.13851957E+21
   0.13915959E+21
   0.13980256E+21
   0.14044850E+21
   0.14109743E+21
   0.14174935E+21
   0.14240429E+21
   0.14306225E+21
   0.14372325E+21
   0.14438731E+21
   0.14505443E+21
   0.14572464E+21
   0.14639794E+21
   0.14707436E+21
   0.14775390E+21
   0.14843658E+21
   0.14912241E+21
   0.14981141E+21
   0.15050360E+21
   0.15119898E+21
   0.15189758E+21
   0.15259941E+21
   0.15330447E+21
   0.15401280E+21
   0.15472440E+21
   0.15543928E+21
   0.15615747E+21
   0.15687898E+21
   0.15760382E+21
   0.15833201E+21
   0.15906356E+21
   0.15979850E+21
   0.16053683E+21
   0.16127857E+21
   0.16202374E+21
   0.16277235E+21
   0.16352442E+21
   0.16427996E+21
   0.16503900E+21
   0.16580154E+21
   0.16656761E+21
   0.16733721E+21
   0.16811037E+21
   0.16888711E+21
   0.16966743E+21
   0.17045135E+21
   0.17123890E+21
   0.17203009E+21
   0.17282494E+21
   0.17362345E+21
   0.17442566E+21
   0.17523157E+21
   0.17604121E+21
   0.17685458E+21
   0.17767172E+21
   0.17849263E+21
   0.17931733E+21
   0.18014584E+21
   0.18097818E+21
   0.18181437E+21
   0.18265442E+21
   0.18349835E+21
   0.18434618E+21
   0.18519793E+21
   0.18605362E+21
   0.18691325E+21
   0.18777686E+21
   0.18864446E+21
   0.18951607E+21
   0.19039170E+21
   0.19127138E+21
   0.19215513E+21
   0.19304296E+21
   0.19393489E+21
   0.19483094E+21
   0.19573113E+21
   0.19663548E+21
   0.19754401E+21
   0.19845673E+21
   0.19937368E+21
   0.20029486E+21
   0.20122029E+21
   0.20215001E+21
   0.20308401E+21
   0.20402234E+21
   0.20496500E+21
   0.20591201E+21
   0.20686340E+21
   0.20781918E+21
   0.20877938E+21
   0.20974402E+21
   0.21071312E+21
   0.21168669E+21
   0.21266476E+21
   0.21364735E+21
   0.21463448E+21
   0.21562617E+21
   0.21662244E+21
   0.21762331E+21
   0.21862881E+21
   0.21963896E+21
   0.22065377E+21
   0.22167327E+21
   0.22269748E+21
   0.22372642E+21
   0.22476012E+21
   0.22579859E+21
   0.22684186E+21
   0.22788996E+21
   0.22894289E+21
   0.23000069E+21
   0.23106338E+21
   0.23213097E+21
   0.23320350E+21
   0.23428098E+21
   0.23536345E+21
   0.23645091E+21
   0.23754340E+21
   0.23864094E+21
   0.23974354E+21
   0.24085124E+21
   0.24196406E+21
   0.24308202E+21
   0.24420515E+21
   0.24533346E+21
   0.24646699E+21
   0.24760576E+21
   0.24874979E+21
   0.24989910E+21
   0.25105372E+21
   0.25221368E+21
   0.25337900E+21
   0.25454970E+21
   0.25572581E+21
   0.25690735E+21
   0.25809435E+21
   0.25928684E+21
   0.26048484E+21
   0.26168837E+21
   0.26289746E+21
   0.26411214E+21
   0.26533243E+21
   0.26655836E+21
   0.26778996E+21
   0.26902724E+21
   0.27027024E+21
   0.27151898E+21
   0.27277350E+21
   0.27403381E+21
   0.27529994E+21
   0.27657192E+21
   0.27784978E+21
   0.27913354E+21
   0.28042324E+21
   0.28171889E+21
   0.28302053E+21
   0.28432818E+21
   0.28564188E+21
   0.28696164E+21
   0.28828750E+21
   0.28961949E+21
   0.29095763E+21
   0.29230196E+21
   0.29365249E+21
   0.29500927E+21
   0.29637231E+21
   0.29774166E+21
   0.29911733E+21
   0.30049935E+21
   0.30188776E+21
   0.30328259E+21
   0.30468385E+21
   0.30609160E+21
   0.30750585E+21
   0.30892663E+21
   0.31035397E+21
   0.31178792E+21
   0.31322848E+21
   0.31467570E+21
   0.31612961E+21
   0.31759024E+21
   0.31905761E+21
   0.32053177E+21
   0.32201273E+21
   0.32350054E+21
   0.32499522E+21
   0.32649681E+21
   0.32800533E+21
   0.32952083E+21
   0.33104332E+21
   0.33257286E+21
   0.33410945E+21
   0.33565315E+21
   0.33720398E+21
   0.33876198E+21
   0.34032717E+21
   0.34189959E+21
   0.34347928E+21
   0.34506627E+21
   0.34666059E+21
   0.34826228E+21
   0.34987137E+21
   0.35148789E+21
   0.35311188E+21
   0.35474337E+21
   0.35638240E+21
   0.35802901E+21
   0.35968322E+21
   0.36134507E+21
   0.36301460E+21
   0.36469185E+21
   0.36637685E+21
   0.36806963E+21
   0.36977023E+21
   0.37147869E+21
   0.37319504E+21
   0.37491932E+21
   0.37665157E+21
   0.37839182E+21
   0.38014011E+21
   0.38189648E+21
   0.38366097E+21
   0.38543361E+21
   0.38721443E+21
   0.38900349E+21
   0.39080081E+21
   0.39260643E+21
   0.39442040E+21
   0.39624275E+21
   0.39807351E+21
   0.39991274E+21
   0.40176046E+21
   0.40361673E+21
   0.40548156E+21
   0.40735502E+21
   0.40923712E+21
   0.41112793E+21
   0.41302747E+21
   0.41493578E+21
   0.41685292E+21
   0.41877891E+21
   0.42071380E+21
   0.42265763E+21
   0.42461044E+21
   0.42657227E+21
   0.42854317E+21
   0.43052317E+21
   0.43251232E+21
   0.43451066E+21
   0.43651823E+21
   0.43853508E+21
   0.44056125E+21
   0.44259678E+21
   0.44464171E+21
   0.44669609E+21
   0.44875996E+21
   0.45083337E+21
   0.45291636E+21
   0.45500897E+21
   0.45711125E+21
   0.45922324E+21
   0.46134499E+21
   0.46347654E+21
   0.46561794E+21
   0.46776924E+21
   0.46993047E+21
   0.47210169E+21
   0.47428294E+21
   0.47647427E+21
   0.47867572E+21
   0.48088735E+21
   0.48310919E+21
   0.48534130E+21
   0.48758371E+21
   0.48983650E+21
   0.49209968E+21
   0.49437333E+21
   0.49665748E+21
   0.49895218E+21
   0.50125749E+21
   0.50357344E+21
   0.50590010E+21
   0.50823750E+21
   0.51058571E+21
   0.51294476E+21
   0.51531471E+21
   0.51769561E+21
   0.52008752E+21
   0.52249047E+21
   0.52490452E+21
   0.52732973E+21
   0.52976615E+21
   0.53221381E+21
   0.53467279E+21
   0.53714313E+21
   0.53962488E+21
   0.54211810E+21
   0.54462284E+21
   0.54713915E+21
   0.54966709E+21
   0.55220670E+21
   0.55475805E+21
   0.55732119E+21
   0.55989616E+21
   0.56248304E+21
   0.56508186E+21
   0.56769270E+21
   0.57031559E+21
   0.57295061E+21
   0.57559779E+21
   0.57825721E+21
   0.58092892E+21
   0.58361297E+21
   0.58630942E+21
   0.58901832E+21
   0.59173975E+21
   0.59447374E+21
   0.59722037E+21
   0.59997968E+21
   0.60275175E+21
   0.60553662E+21
   0.60833436E+21
   0.61114503E+21
   0.61396868E+21
   0.61680537E+21
   0.61965517E+21
   0.62251814E+21
   0.62539434E+21
   0.62828382E+21
   0.63118665E+21
   0.63410290E+21
   0.63703262E+21
   0.63997587E+21
   0.64293272E+21
   0.64590323E+21
   0.64888747E+21
   0.65188550E+21
   0.65489737E+21
   0.65792316E+21
   0.66096293E+21
   0.66401674E+21
   0.66708467E+21
   0.67016676E+21
   0.67326310E+21
   0.67637374E+21
   0.67949875E+21
   0.68263820E+21
   0.68579216E+21
   0.68896068E+21
   0.69214385E+21
   0.69534172E+21
   0.69855437E+21
   0.70178185E+21
   0.70502425E+21
   0.70828163E+21
   0.71155406E+21
   0.71484161E+21
   0.71814435E+21
   0.72146234E+21
   0.72479567E+21
   0.72814439E+21
   0.73150859E+21
   0.73488833E+21
   0.73828368E+21
   0.74169472E+21
   0.74512152E+21
   0.74856415E+21
   0.75202269E+21
   0.75549720E+21
   0.75898777E+21
   0.76249446E+21
   0.76601736E+21
   0.76955653E+21
   0.77311205E+21
   0.77668399E+21
   0.78027244E+21
   0.78387747E+21
   0.78749916E+21
   0.79113757E+21
   0.79479280E+21
   0.79846491E+21
   0.80215399E+21
   0.80586011E+21
   0.80958336E+21
   0.81332380E+21
   0.81708153E+21
   0.82085662E+21
   0.82464915E+21
   0.82845920E+21
   0.83228685E+21
   0.83613218E+21
   0.83999528E+21
   0.84387623E+21
   0.84777511E+21
   0.85169200E+21
   0.85562699E+21
   0.85958016E+21
   0.86355159E+21
   0.86754136E+21
   0.87154958E+21
   0.87557630E+21
   0.87962164E+21
   0.88368566E+21
   0.88776845E+21
   0.89187011E+21
   0.89599072E+21
   0.90013037E+21
   0.90428914E+21
   0.90846712E+21
   0.91266441E+21
   0.91688109E+21
   0.92111724E+21
   0.92537297E+21
   0.92964836E+21
   0.93394351E+21
   0.93825849E+21
   0.94259341E+21
   0.94694836E+21
   0.95132343E+21
   0.95571871E+21
   0.96013429E+21
   0.96457028E+21
   0.96902676E+21
   0.97350382E+21
   0.97800157E+21
   0.98252010E+21
   0.98705951E+21
   0.99161989E+21
   0.99620133E+21
   0.10008039E+22
   0.10054278E+22
   0.10100731E+22
   0.10147398E+22
   0.10194280E+22
   0.10241379E+22
   0.10288696E+22
   0.10336231E+22
   0.10383986E+22
   0.10431962E+22
   0.10480159E+22
   0.10528579E+22
   0.10577223E+22
   0.10626091E+22
   0.10675185E+22
   0.10724506E+22
   0.10774055E+22
   0.10823832E+22
   0.10873840E+22
   0.10924079E+22
   0.10974549E+22
   0.11025253E+22
   0.11076191E+22
   0.11127365E+22
   0.11178775E+22
   0.11230422E+22
   0.11282308E+22
   0.11334434E+22
   0.11386800E+22
   0.11439409E+22
   0.11492260E+22
   0.11545356E+22
   0.11598697E+22
   0.11652284E+22
   0.11706119E+22
   0.11760203E+22
   0.11814536E+22
   0.11869121E+22
   0.11923958E+22
   0.11979048E+22
   0.12034392E+22
   0.12089992E+22
   0.12145849E+22
   0.12201964E+22
   0.12258339E+22
   0.12314974E+22
   0.12371870E+22
   0.12429029E+22
   0.12486453E+22
   0.12544141E+22
   0.12602096E+22
   0.12660319E+22
   0.12718811E+22
   0.12777573E+22
   0.12836607E+22
   0.12895913E+22
   0.12955493E+22
   0.13015348E+22
   0.13075480E+22
   0.13135890E+22
   0.13196579E+22
   0.13257548E+22
   0.13318799E+22
   0.13380333E+22
   0.13442151E+22
   0.13504255E+22
   0.13566645E+22
   0.13629324E+22
   0.13692293E+22
   0.13755552E+22
   0.13819104E+22
   0.13882949E+22
   0.13947089E+22
   0.14011525E+22
   0.14076259E+22
   0.14141292E+22
   0.14206626E+22
   0.14272261E+22
   0.14338200E+22
   0.14404443E+22
   0.14470992E+22
   0.14537849E+22
   0.14605014E+22
   0.14672490E+22
   0.14740277E+22
   0.14808378E+22
   0.14876793E+22
   0.14945525E+22
   0.15014573E+22
   0.15083941E+22
   0.15153629E+22
   0.15223640E+22
   0.15293973E+22
   0.15364632E+22
   0.15435617E+22
   0.15506929E+22
   0.15578572E+22
   0.15650545E+22
   0.15722851E+22
   0.15795490E+22
   0.15868466E+22
   0.15941778E+22
   0.16015429E+22
   0.16089421E+22
   0.16163754E+22
   0.16238430E+22
   0.16313452E+22
   0.16388820E+22
   0.16464536E+22
   0.16540602E+22
   0.16617020E+22
   0.16693790E+22
   0.16770915E+22
   0.16848397E+22
   0.16926236E+22
   0.17004435E+22
   0.17082995E+22
   0.17161918E+22
   0.17241206E+22
   0.17320860E+22
   0.17400882E+22
   0.17481273E+22
   0.17562036E+22
   0.17643172E+22
   0.17724683E+22
   0.17806570E+22
   0.17888836E+22
   0.17971481E+22
   0.18054509E+22
   0.18137920E+22
   0.18221716E+22
   0.18305899E+22
   0.18390472E+22
   0.18475434E+22
   0.18560790E+22
   0.18646540E+22
   0.18732685E+22
   0.18819229E+22
   0.18906173E+22
   0.18993518E+22
   0.19081267E+22
   0.19169421E+22
   0.19257982E+22
   0.19346952E+22
   0.19436333E+22
   0.19526128E+22
   0.19616337E+22
   0.19706962E+22
   0.19798007E+22
   0.19889472E+22
   0.19981359E+22
   0.20073671E+22
   0.20166409E+22
   0.20259576E+22
   0.20353173E+22
   0.20447203E+22
   0.20541667E+22
   0.20636567E+22
   0.20731905E+22
   0.20827684E+22
   0.20923906E+22
   0.21020571E+22
   0.21117684E+22
   0.21215245E+22
   0.21313257E+22
   0.21411721E+22
   0.21510640E+22
   0.21610016E+22
   0.21709852E+22
   0.21810148E+22
   0.21910908E+22
   0.22012133E+22
   0.22113826E+22
   0.22215988E+22
   0.22318622E+22
   0.22421731E+22
   0.22525316E+22
   0.22629379E+22
   0.22733923E+22
   0.22838950E+22
   0.22944462E+22
   0.23050461E+22
   0.23156950E+22
   0.23263931E+22
   0.23371406E+22
   0.23479378E+22
   0.23587848E+22
   0.23696819E+22
   0.23806294E+22
   0.23916274E+22
   0.24026763E+22
   0.24137761E+22
   0.24249273E+22
   0.24361299E+22
   0.24473843E+22
   0.24586907E+22
   0.24700494E+22
   0.24814604E+22
   0.24929242E+22
   0.25044410E+22
   0.25160109E+22
   0.25276343E+22
   0.25393114E+22
   0.25510424E+22
   0.25628276E+22
   0.25746672E+22
   0.25865615E+22
   0.25985108E+22
   0.26105153E+22
   0.26225752E+22
   0.26346908E+22
   0.26468623E+22
   0.26590901E+22
   0.26713744E+22
   0.26837154E+22
   0.26961135E+22
   0.27085688E+22
   0.27210816E+22
   0.27336522E+22
   0.27462809E+22
   0.27589679E+22
   0.27717135E+22
   0.27845180E+22
   0.27973816E+22
   0.28103047E+22
   0.28232874E+22
   0.28363301E+22
   0.28494330E+22
   0.28625965E+22
   0.28758208E+22
   0.28891061E+22
   0.29024529E+22
   0.29158612E+22
   0.29293315E+22
   0.29428640E+22
   0.29564590E+22
   0.29701169E+22
   0.29838378E+22
   0.29976220E+22
   0.30114700E+22
   0.30253819E+22
   0.30393580E+22
   0.30533987E+22
   0.30675043E+22
   0.30816750E+22
   0.30959112E+22
   0.31102131E+22
   0.31245811E+22
   0.31390154E+22
   0.31535164E+22
   0.31680844E+22
   0.31827197E+22
   0.31974226E+22
   0.32121933E+22
   0.32270323E+22
   0.32419399E+22
   0.32569163E+22
   0.32719618E+22
   0.32870769E+22
   0.33022618E+22
   0.33175168E+22
   0.33328422E+22
   0.33482385E+22
   0.33637058E+22
   0.33792446E+22
   0.33948552E+22
   0.34105379E+22
   0.34262930E+22
   0.34421208E+22
   0.34580218E+22
   0.34739962E+22
   0.34900444E+22
   0.35061667E+22
   0.35223635E+22
   0.35386350E+22
   0.35549818E+22
   0.35714040E+22
   0.35879021E+22
   0.36044763E+22
   0.36211271E+22
   0.36378549E+22
   0.36546598E+22
   0.36715424E+22
   0.36885030E+22
   0.37055419E+22
   0.37226595E+22
   0.37398562E+22
   0.37571322E+22
   0.37744881E+22
   0.37919241E+22
   0.38094406E+22
   0.38270381E+22
   0.38447168E+22
   0.38624772E+22
   0.38803196E+22
   0.38982444E+22
   0.39162519E+22
   0.39343427E+22
   0.39525170E+22
   0.39707752E+22
   0.39891178E+22
   0.40075450E+22
   0.40260574E+22
   0.40446553E+22
   0.40633390E+22
   0.40821091E+22
   0.41009658E+22
   0.41199096E+22
   0.41389409E+22
   0.41580601E+22
   0.41772676E+22
   0.41965638E+22
   0.42159491E+22
   0.42354240E+22
   0.42549887E+22
   0.42746439E+22
   0.42943898E+22
   0.43142269E+22
   0.43341556E+22
   0.43541763E+22
   0.43742895E+22
   0.43944956E+22
   0.44147950E+22
   0.44351881E+22
   0.44556754E+22
   0.44762574E+22
   0.44969344E+22
   0.45177068E+22
   0.45385752E+22
   0.45595400E+22
   0.45806016E+22
   0.46017604E+22
   0.46230170E+22
   0.46443717E+22
   0.46658251E+22
   0.46873775E+22
   0.47090294E+22
   0.47307814E+22
   0.47526338E+22
   0.47745870E+22
   0.47966417E+22
   0.48187982E+22
   0.48410571E+22
   0.48634187E+22
   0.48858836E+22
   0.49084522E+22
   0.49311251E+22
   0.49539026E+22
   0.49767854E+22
   0.49997738E+22
   0.50228683E+22
   0.50460695E+22
   0.50693779E+22
   0.50927939E+22
   0.51163180E+22
   0.51399507E+22
   0.51636926E+22
   0.51875441E+22
   0.52115057E+22
   0.52355780E+22
   0.52597614E+22
   0.52840566E+22
   0.53084639E+22
   0.53329839E+22
   0.53576171E+22
   0.53823641E+22
   0.54072254E+22
   0.54322014E+22
   0.54572928E+22
   0.54825000E+22
   0.55078237E+22
   0.55332643E+22
   0.55588223E+22
   0.55844984E+22
   0.56102930E+22
   0.56362067E+22
   0.56622401E+22
   0.56883937E+22
   0.57146681E+22
   0.57410638E+22
   0.57675813E+22
   0.57942213E+22
   0.58209843E+22
   0.58478709E+22
   0.58748817E+22
   0.59020171E+22
   0.59292779E+22
   0.59566645E+22
   0.59841776E+22
   0.60118177E+22
   0.60395854E+22
   0.60674813E+22
   0.60955061E+22
   0.61236602E+22
   0.61519444E+22
   0.61803591E+22
   0.62089050E+22
   0.62375828E+22
   0.62663929E+22
   0.62953361E+22
   0.63244129E+22
   0.63536239E+22
   0.63829698E+22
   0.64124512E+22
   0.64420688E+22
   0.64718231E+22
   0.65017147E+22
   0.65317444E+22
   0.65619127E+22
   0.65922203E+22
   0.66226678E+22
   0.66532560E+22
   0.66839853E+22
   0.67148565E+22
   0.67458702E+22
   0.67770272E+22
   0.68083279E+22
   0.68397732E+22
   0.68713637E+22
   0.69031000E+22
   0.69349829E+22
   0.69670129E+22
   0.69991908E+22
   0.70315173E+22
   0.70639930E+22
   0.70966186E+22
   0.71293949E+22
   0.71623225E+22
   0.71954021E+22
   0.72286344E+22
   0.72620202E+22
   0.72955601E+22
   0.73292548E+22
   0.73631051E+22
   0.73971116E+22
   0.74312752E+22
   0.74655964E+22
   0.75000761E+22
   0.75347150E+22
   0.75695138E+22
   0.76044733E+22
   0.76395941E+22
   0.76748771E+22
   0.77103229E+22
   0.77459324E+22
   0.77817063E+22
   0.78176453E+22
   0.78537502E+22
   0.78900218E+22
   0.79264609E+22
   0.79630681E+22
   0.79998443E+22
   0.80367904E+22
   0.80739069E+22
   0.81111948E+22
   0.81486549E+22
   0.81862878E+22
   0.82240945E+22
   0.82620757E+22
   0.83002322E+22
   0.83385649E+22
   0.83770745E+22
   0.84157618E+22
   0.84546278E+22
   0.84936731E+22
   0.85328987E+22
   0.85723054E+22
   0.86118940E+22
   0.86516653E+22
   0.86916201E+22
   0.87317594E+22
   0.87720840E+22
   0.88125947E+22
   0.88532925E+22
   0.88941780E+22
   0.89352523E+22
   0.89765162E+22
   0.90179705E+22
   0.90596162E+22
   0.91014541E+22
   0.91434851E+22
   0.91857101E+22
   0.92281301E+22
   0.92707458E+22
   0.93135582E+22
   0.93565682E+22
   0.93997767E+22
   0.94431847E+22
   0.94867930E+22
   0.95306026E+22
   0.95746144E+22
   0.96188293E+22
   0.96632483E+22
   0.97078723E+22
   0.97527022E+22
   0.97977391E+22
   0.98429838E+22
   0.98884374E+22
   0.99341007E+22
   0.99799748E+22
   0.10026061E+23
   0.10072359E+23
   0.10118871E+23
   0.10165598E+23
   0.10212541E+23
   0.10259700E+23
   0.10307076E+23
   0.10354672E+23
   0.10402487E+23
   0.10450523E+23
   0.10498780E+23
   0.10547260E+23
   0.10595964E+23
   0.10644893E+23
   0.10694047E+23
   0.10743428E+23
   0.10793038E+23
   0.10842876E+23
   0.10892944E+23
   0.10943243E+23
   0.10993774E+23
   0.11044539E+23
   0.11095537E+23
   0.11146772E+23
   0.11198242E+23
   0.11249950E+23
   0.11301897E+23
   0.11354083E+23
   0.11406510E+23
   0.11459179E+23
   0.11512091E+23
   0.11565248E+23
   0.11618649E+23
   0.11672297E+23
   0.11726193E+23
   0.11780337E+23
   0.11834731E+23
   0.11889376E+23
   0.11944273E+23
   0.11999424E+23
   0.12054829E+23
   0.12110489E+23
   0.12166407E+23
   0.12222582E+23
   0.12279017E+23
   0.12335712E+23
   0.12392668E+23
   0.12449888E+23
   0.12507371E+23
   0.12565120E+23
   0.12623135E+23
   0.12681418E+23
   0.12739970E+23
   0.12798791E+23
   0.12857885E+23
   0.12917251E+23
   0.12976890E+23
   0.13036805E+23
   0.13096997E+23
   0.13157466E+23
   0.13218214E+23
   0.13279242E+23
   0.13340552E+23
   0.13402145E+23
   0.13464022E+23
   0.13526184E+23
   0.13588633E+23
   0.13651370E+23
   0.13714397E+23
   0.13777714E+23
   0.13841324E+23
   0.13905227E+23
   0.13969425E+23
   0.14033919E+23
   0.14098710E+23
   0.14163800E+23
   0.14229191E+23
   0.14294883E+23
   0.14360878E+23
   0.14427178E+23
   0.14493784E+23
   0.14560697E+23
   0.14627918E+23
   0.14695450E+23
   0.14763293E+23
   0.14831449E+23
   0.14899919E+23
   0.14968705E+23
   0.15037809E+23
   0.15107231E+23
   0.15176973E+23
   0.15247038E+23
   0.15317425E+23
   0.15388137E+23
   0.15459175E+23
   0.15530541E+23
   0.15602236E+23
   0.15674262E+23
   0.15746619E+23
   0.15819311E+23
   0.15892338E+23
   0.15965702E+23
   0.16039404E+23
   0.16113446E+23
   0.16187829E+23
   0.16262556E+23
   0.16337627E+23
   0.16413044E+23
   0.16488809E+23
   0.16564924E+23
   0.16641390E+23
   0.16718208E+23
   0.16795381E+23
   0.16872909E+23
   0.16950795E+23
   0.17029040E+23
   0.17107646E+23
   0.17186615E+23
   0.17265947E+23
   0.17345646E+23
   0.17425712E+23
   0.17506147E+23
   0.17586953E+23
   0.17668132E+23
   0.17749685E+23
   0.17831615E+23
   0.17913922E+23
   0.17996608E+23
   0.18079676E+23
   0.18163127E+23
   0.18246962E+23
   0.18331185E+23
   0.18415795E+23
   0.18500796E+23
   0.18586188E+23
   0.18671975E+23
   0.18758156E+23
   0.18844736E+23
   0.18931714E+23
   0.19019093E+23
   0.19106876E+23
   0.19195063E+23
   0.19283656E+23
   0.19372658E+23
   0.19462071E+23
   0.19551895E+23
   0.19642134E+23
   0.19732789E+23
   0.19823862E+23
   0.19915354E+23
   0.20007268E+23
   0.20099607E+23
   0.20192370E+23
   0.20285562E+23
   0.20379183E+23
   0.20473235E+23
   0.20567721E+23
   0.20662643E+23
   0.20758002E+23
   0.20853801E+23
   0.20950042E+23
   0.21046726E+23
   0.21143855E+23
   0.21241433E+23
   0.21339460E+23
   0.21437939E+23
   0.21536872E+23
   0.21636261E+23
   0.21736108E+23
   0.21836416E+23
   0.21937185E+23
   0.22038419E+23
   0.22140120E+23
   0.22242290E+23
   0.22344930E+23
   0.22448043E+23
   0.22551632E+23
   0.22655698E+23
   0.22760244E+23
   0.22865271E+23
   0.22970782E+23
   0.23076780E+23
   0.23183266E+23
   0.23290243E+23
   0.23397713E+23
   0.23505679E+23
   0.23614141E+23
   0.23723104E+23
   0.23832568E+23
   0.23942538E+23
   0.24053013E+23
   0.24163998E+23
   0.24275495E+23
   0.24387505E+23
   0.24500031E+23
   0.24613076E+23
   0.24726641E+23
   0.24840730E+23
   0.24955344E+23
   0.25070487E+23
   0.25186160E+23
   0.25302366E+23
   0.25419108E+23
   0.25536387E+23
   0.25654207E+23
   0.25772569E+23
   0.25891477E+23
   0.26010932E+23
   0.26130938E+23
   0.26251497E+23
   0.26372611E+23
   0.26494283E+23
   0.26616516E+23
   0.26739312E+23
   0.26862673E+23
   0.26986603E+23
   0.27111103E+23
   0.27236177E+23
   0.27361827E+23
   0.27488056E+23
   0.27614867E+23
   0.27742261E+23
   0.27870243E+23
   0.27998813E+23
   0.28127976E+23
   0.28257734E+23
   0.28388090E+23
   0.28519045E+23
   0.28650604E+23
   0.28782769E+23
   0.28915543E+23
   0.29048928E+23
   0.29182928E+23
   0.29317544E+23
   0.29452780E+23
   0.29588640E+23
   0.29725125E+23
   0.29862238E+23
   0.29999983E+23
   0.30138362E+23
   0.30277378E+23
   0.30417035E+23
   0.30557334E+23
   0.30698280E+23
   0.30839875E+23
   0.30982121E+23
   0.31125023E+23
   0.31268582E+23
   0.31412803E+23
   0.31557687E+23
   0.31703239E+23
   0.31849460E+23
   0.31996355E+23
   0.32143926E+23
   0.32292177E+23
   0.32441110E+23
   0.32590729E+23
   0.32741036E+23
   0.32892036E+23
   0.33043730E+23
   0.33196123E+23
   0.33349218E+23
   0.33503017E+23
   0.33657524E+23
   0.33812742E+23
   0.33968675E+23
   0.34125325E+23
   0.34282697E+23
   0.34440792E+23
   0.34599616E+23
   0.34759170E+23
   0.34919459E+23
   0.35080486E+23
   0.35242253E+23
   0.35404765E+23
   0.35568025E+23
   0.35732037E+23
   0.35896803E+23
   0.36062327E+23
   0.36228613E+23
   0.36395665E+23
   0.36563485E+23
   0.36732077E+23
   0.36901445E+23
   0.37071592E+23
   0.37242522E+23
   0.37414239E+23
   0.37586746E+23
   0.37760046E+23
   0.37934144E+23
   0.38109043E+23
   0.38284746E+23
   0.38461258E+23
   0.38638582E+23
   0.38816722E+23
   0.38995681E+23
   0.39175464E+23
   0.39356073E+23
   0.39537513E+23
   0.39719788E+23
   0.39902902E+23
   0.40086858E+23
   0.40271659E+23
   0.40457311E+23
   0.40643817E+23
   0.40831181E+23
   0.41019406E+23
   0.41208497E+23
   0.41398458E+23
   0.41589292E+23
   0.41781004E+23
   0.41973598E+23
   0.42167077E+23
   0.42361447E+23
   0.42556709E+23
   0.42752870E+23
   0.42949933E+23
   0.43147902E+23
   0.43346782E+23
   0.43546575E+23
   0.43747288E+23
   0.43948923E+23
   0.44151485E+23
   0.44354979E+23
   0.44559408E+23
   0.44764777E+23
   0.44971091E+23
   0.45178352E+23
   0.45386567E+23
   0.45595739E+23
   0.45805872E+23
   0.46016971E+23
   0.46229041E+23
   0.46442085E+23
   0.46656109E+23
   0.46871116E+23
   0.47087112E+23
   0.47304100E+23
   0.47522086E+23
   0.47741073E+23
   0.47961067E+23
   0.48182072E+23
   0.48404093E+23
   0.48627133E+23
   0.48851199E+23
   0.49076295E+23
   0.49302425E+23
   0.49529593E+23
   0.49757806E+23
   0.49987067E+23
   0.50217382E+23
   0.50448755E+23
   0.50681191E+23
   0.50914695E+23
   0.51149271E+23
   0.51384926E+23
   0.51621662E+23
   0.51859487E+23
   0.52098404E+23
   0.52338418E+23
   0.52579535E+23
   0.52821759E+23
   0.53065096E+23
   0.53309551E+23
   0.53555128E+23
   0.53801833E+23
   0.54049672E+23
   0.54298648E+23
   0.54548768E+23
   0.54800037E+23
   0.55052460E+23
   0.55306041E+23
   0.55560788E+23
   0.55816703E+23
   0.56073794E+23
   0.56332066E+23
   0.56591523E+23
   0.56852172E+23
   0.57114017E+23
   0.57377064E+23
   0.57641319E+23
   0.57906787E+23
   0.58173474E+23
   0.58441385E+23
   0.58710526E+23
   0.58980902E+23
   0.59252519E+23
   0.59525383E+23
   0.59799500E+23
   0.60074874E+23
   0.60351512E+23
   0.60629420E+23
   0.60908604E+23
   0.61189068E+23
   0.61470820E+23
   0.61753864E+23
   0.62038208E+23
   0.62323856E+23
   0.62610814E+23
   0.62899090E+23
   0.63188688E+23
   0.63479614E+23
   0.63771876E+23
   0.64065478E+23
   0.64360427E+23
   0.64656729E+23
   0.64954390E+23
   0.65253417E+23
   0.65553815E+23
   0.65855591E+23
   0.66158751E+23
   0.66463302E+23
   0.66769249E+23
   0.67076600E+23
   0.67385360E+23
   0.67695536E+23
   0.68007134E+23
   0.68320161E+23
   0.68634624E+23
   0.68950528E+23
   0.69267881E+23
   0.69586689E+23
   0.69906958E+23
   0.70228696E+23
   0.70551909E+23
   0.70876603E+23
   0.71202786E+23
   0.71530464E+23
   0.71859644E+23
   0.72190333E+23
   0.72522537E+23
   0.72856264E+23
   0.73191521E+23
   0.73528314E+23
   0.73866650E+23
   0.74206537E+23
   0.74547981E+23
   0.74890990E+23
   0.75235571E+23
   0.75581730E+23
   0.75929475E+23
   0.76278814E+23
   0.76629753E+23
   0.76982300E+23
   0.77336461E+23
   0.77692245E+23
   0.78049659E+23
   0.78408710E+23
   0.78769405E+23
   0.79131752E+23
   0.79495759E+23
   0.79861433E+23
   0.80228782E+23
   0.80597812E+23
   0.80968533E+23
   0.81340951E+23
   0.81715074E+23
   0.82090910E+23
   0.82468467E+23
   0.82847753E+23
   0.83228775E+23
   0.83611541E+23
   0.83996059E+23
   0.84382337E+23
   0.84770384E+23
   0.85160206E+23
   0.85551813E+23
   0.85945212E+23
   0.86340411E+23
   0.86737419E+23
   0.87136243E+23
   0.87536893E+23
   0.87939375E+23
   0.88343699E+23
   0.88749873E+23
   0.89157906E+23
   0.89567805E+23
   0.89979579E+23
   0.90393236E+23
   0.90808786E+23
   0.91226237E+23
   0.91645597E+23
   0.92066875E+23
   0.92490079E+23
   0.92915219E+23
   0.93342303E+23
   0.93771340E+23
   0.94202339E+23
   0.94635308E+23
   0.95070257E+23
   0.95507194E+23
   0.95946129E+23
   0.96387071E+23
   0.96830028E+23
   0.97275010E+23
   0.97722025E+23
   0.98171084E+23
   0.98622195E+23
   0.99075368E+23
   0.99530612E+23
   0.99987936E+23
   0.10044735E+24
   0.10090886E+24
   0.10137248E+24
   0.10183822E+24
   0.10230609E+24
   0.10277609E+24
   0.10324825E+24
   0.10372255E+24
   0.10419903E+24
   0.10467768E+24
   0.10515852E+24
   0.10564155E+24
   0.10612679E+24
   0.10661424E+24
   0.10710392E+24
   0.10759584E+24
   0.10809000E+24
   0.10858641E+24
   0.10908510E+24
   0.10958606E+24
   0.11008930E+24
   0.11059485E+24
   0.11110270E+24
   0.11161287E+24
   0.11212536E+24
   0.11264020E+24
   0.11315738E+24
   0.11367693E+24
   0.11419884E+24
   0.11472314E+24
   0.11524983E+24
   0.11577892E+24
   0.11631042E+24
   0.11684435E+24
   0.11738071E+24
   0.11791952E+24
   0.11846079E+24
   0.11900452E+24
   0.11955074E+24
   0.12009944E+24
   0.12065065E+24
   0.12120437E+24
   0.12176061E+24
   0.12231939E+24
   0.12288072E+24
   0.12344460E+24
   0.12401106E+24
   0.12458009E+24
   0.12515172E+24
   0.12572596E+24
   0.12630281E+24
   0.12688229E+24
   0.12746441E+24
   0.12804918E+24
   0.12863661E+24
   0.12922672E+24
   0.12981952E+24
   0.13041502E+24
   0.13101323E+24
   0.13161416E+24
   0.13221784E+24
   0.13282426E+24
   0.13343344E+24
   0.13404539E+24
   0.13466013E+24
   0.13527767E+24
   0.13589802E+24
   0.13652119E+24
   0.13714720E+24
   0.13777605E+24
   0.13840777E+24
   0.13904237E+24
   0.13967985E+24
   0.14032023E+24
   0.14096352E+24
   0.14160974E+24
   0.14225890E+24
   0.14291102E+24
   0.14356609E+24
   0.14422415E+24
   0.14488520E+24
   0.14554926E+24
   0.14621633E+24
   0.14688644E+24
   0.14755959E+24
   0.14823581E+24
   0.14891509E+24
   0.14959747E+24
   0.15028294E+24
   0.15097153E+24
   0.15166325E+24
   0.15235812E+24
   0.15305614E+24
   0.15375733E+24
   0.15446170E+24
   0.15516928E+24
   0.15588007E+24
   0.15659409E+24
   0.15731135E+24
   0.15803186E+24
   0.15875565E+24
   0.15948272E+24
   0.16021310E+24
   0.16094679E+24
   0.16168381E+24
   0.16242418E+24
   0.16316790E+24
   0.16391500E+24
   0.16466549E+24
   0.16541939E+24
   0.16617671E+24
   0.16693746E+24
   0.16770166E+24
   0.16846933E+24
   0.16924048E+24
   0.17001513E+24
   0.17079329E+24
   0.17157498E+24
   0.17236021E+24
   0.17314900E+24
   0.17394137E+24
   0.17473733E+24
   0.17553690E+24
   0.17634009E+24
   0.17714692E+24
   0.17795741E+24
   0.17877157E+24
   0.17958942E+24
   0.18041097E+24
   0.18123624E+24
   0.18206525E+24
   0.18289802E+24
   0.18373455E+24
   0.18457488E+24
   0.18541900E+24
   0.18626695E+24
   0.18711874E+24
   0.18797439E+24
   0.18883390E+24
   0.18969731E+24
   0.19056462E+24
   0.19143586E+24
   0.19231104E+24
   0.19319017E+24
   0.19407329E+24
   0.19496040E+24
   0.19585152E+24
   0.19674667E+24
   0.19764586E+24
   0.19854913E+24
   0.19945647E+24
   0.20036792E+24
   0.20128349E+24
   0.20220319E+24
   0.20312705E+24
   0.20405509E+24
   0.20498731E+24
   0.20592375E+24
   0.20686442E+24
   0.20780934E+24
   0.20875853E+24
   0.20971200E+24
   0.21066977E+24
   0.21163188E+24
   0.21259832E+24
   0.21356913E+24
   0.21454431E+24
   0.21552390E+24
   0.21650791E+24
   0.21749636E+24
   0.21848927E+24
   0.21948666E+24
   0.22048854E+24
   0.22149495E+24
   0.22250589E+24
   0.22352139E+24
   0.22454148E+24
   0.22556615E+24
   0.22659545E+24
   0.22762939E+24
   0.22866798E+24
   0.22971126E+24
   0.23075924E+24
   0.23181194E+24
   0.23286938E+24
   0.23393158E+24
   0.23499857E+24
   0.23607036E+24
   0.23714698E+24
   0.23822844E+24
   0.23931477E+24
   0.24040599E+24
   0.24150213E+24
   0.24260319E+24
   0.24370921E+24
   0.24482021E+24
   0.24593620E+24
   0.24705721E+24
   0.24818327E+24
   0.24931438E+24
   0.25045059E+24
   0.25159190E+24
   0.25273834E+24
   0.25388994E+24
   0.25504671E+24
   0.25620867E+24
   0.25737586E+24
   0.25854829E+24
   0.25972599E+24
   0.26090898E+24
   0.26209728E+24
   0.26329091E+24
   0.26448991E+24
   0.26569428E+24
   0.26690407E+24
   0.26811928E+24
   0.26933994E+24
   0.27056608E+24
   0.27179772E+24
   0.27303489E+24
   0.27427761E+24
   0.27552589E+24
   0.27677978E+24
   0.27803928E+24
   0.27930443E+24
   0.28057526E+24
   0.28185177E+24
   0.28313401E+24
   0.28442199E+24
   0.28571574E+24
   0.28701529E+24
   0.28832065E+24
   0.28963186E+24
   0.29094894E+24
   0.29227192E+24
   0.29360082E+24
   0.29493566E+24
   0.29627648E+24
   0.29762329E+24
   0.29897613E+24
   0.30033503E+24
   0.30169999E+24
   0.30307107E+24
   0.30444827E+24
   0.30583163E+24
   0.30722117E+24
   0.30861692E+24
   0.31001890E+24
   0.31142715E+24
   0.31284169E+24
   0.31426255E+24
   0.31568975E+24
   0.31712333E+24
   0.31856330E+24
   0.32000970E+24
   0.32146256E+24
   0.32292190E+24
   0.32438775E+24
   0.32586014E+24
   0.32733909E+24
   0.32882465E+24
   0.33031682E+24
   0.33181565E+24
   0.33332115E+24
   0.33483337E+24
   0.33635233E+24
   0.33787805E+24
   0.33941057E+24
   0.34094991E+24
   0.34249611E+24
   0.34404919E+24
   0.34560919E+24
   0.34717613E+24
   0.34875005E+24
   0.35033096E+24
   0.35191891E+24
   0.35351392E+24
   0.35511603E+24
   0.35672526E+24
   0.35834164E+24
   0.35996521E+24
   0.36159600E+24
   0.36323403E+24
   0.36487934E+24
   0.36653195E+24
   0.36819191E+24
   0.36985924E+24
   0.37153396E+24
   0.37321613E+24
   0.37490576E+24
   0.37660288E+24
   0.37830754E+24
   0.38001976E+24
   0.38173957E+24
   0.38346701E+24
   0.38520210E+24
   0.38694489E+24
   0.38869540E+24
   0.39045367E+24
   0.39221973E+24
   0.39399361E+24
   0.39577534E+24
   0.39756497E+24
   0.39936251E+24
   0.40116802E+24
   0.40298151E+24
   0.40480303E+24
   0.40663261E+24
   0.40847027E+24
   0.41031607E+24
   0.41217002E+24
   0.41403217E+24
   0.41590255E+24
   0.41778120E+24
   0.41966814E+24
   0.42156342E+24
   0.42346707E+24
   0.42537912E+24
   0.42729962E+24
   0.42922859E+24
   0.43116607E+24
   0.43311210E+24
   0.43506671E+24
   0.43702995E+24
   0.43900184E+24
   0.44098242E+24
   0.44297173E+24
   0.44496981E+24
   0.44697669E+24
   0.44899241E+24
   0.45101701E+24
   0.45305052E+24
   0.45509298E+24
   0.45714443E+24
   0.45920491E+24
   0.46127445E+24
   0.46335309E+24
   0.46544088E+24
   0.46753784E+24
   0.46964403E+24
   0.47175946E+24
   0.47388419E+24
   0.47601826E+24
   0.47816170E+24
   0.48031455E+24
   0.48247684E+24
   0.48464863E+24
   0.48682995E+24
   0.48902084E+24
   0.49122134E+24
   0.49343148E+24
   0.49565132E+24
   0.49788088E+24
   0.50012022E+24
   0.50236937E+24
   0.50462836E+24
   0.50689725E+24
   0.50917608E+24
   0.51146487E+24
   0.51376369E+24
   0.51607256E+24
   0.51839153E+24
   0.52072064E+24
   0.52305994E+24
   0.52540945E+24
   0.52776924E+24
   0.53013934E+24
   0.53251979E+24
   0.53491063E+24
   0.53731191E+24
   0.53972367E+24
   0.54214596E+24
   0.54457882E+24
   0.54702228E+24
   0.54947640E+24
   0.55194122E+24
   0.55441678E+24
   0.55690313E+24
   0.55940031E+24
   0.56190837E+24
   0.56442734E+24
   0.56695728E+24
   0.56949824E+24
   0.57205024E+24
   0.57461335E+24
   0.57718760E+24
   0.57977305E+24
   0.58236973E+24
   0.58497769E+24
   0.58759699E+24
   0.59022766E+24
   0.59286975E+24
   0.59552331E+24
   0.59818839E+24
   0.60086503E+24
   0.60355328E+24
   0.60625318E+24
   0.60896479E+24
   0.61168815E+24
   0.61442332E+24
   0.61717032E+24
   0.61992923E+24
   0.62270008E+24
   0.62548292E+24
   0.62827780E+24
   0.63108477E+24
   0.63390388E+24
   0.63673518E+24
   0.63957872E+24
   0.64243454E+24
   0.64530270E+24
   0.64818325E+24
   0.65107623E+24
   0.65398169E+24
   0.65689970E+24
   0.65983029E+24
   0.66277352E+24
   0.66572944E+24
   0.66869810E+24
   0.67167955E+24
   0.67467384E+24
   0.67768103E+24
   0.68070116E+24
   0.68373429E+24
   0.68678047E+24
   0.68983975E+24
   0.69291219E+24
   0.69599783E+24
   0.69909673E+24
   0.70220895E+24
   0.70533453E+24
   0.70847354E+24
   0.71162601E+24
   0.71479202E+24
   0.71797160E+24
   0.72116482E+24
   0.72437173E+24
   0.72759238E+24
   0.73082683E+24
   0.73407513E+24
   0.73733734E+24
   0.74061352E+24
   0.74390371E+24
   0.74720798E+24
   0.75052638E+24
   0.75385896E+24
   0.75720579E+24
   0.76056691E+24
   0.76394239E+24
   0.76733228E+24
   0.77073664E+24
   0.77415553E+24
   0.77758899E+24
   0.78103710E+24
   0.78449991E+24
   0.78797747E+24
   0.79146984E+24
   0.79497709E+24
   0.79849927E+24
   0.80203643E+24
   0.80558865E+24
   0.80915597E+24
   0.81273845E+24
   0.81633616E+24
   0.81994916E+24
   0.82357750E+24
   0.82722124E+24
   0.83088045E+24
   0.83455518E+24
   0.83824550E+24
   0.84195146E+24
   0.84567313E+24
   0.84941057E+24
   0.85316384E+24
   0.85693300E+24
   0.86071811E+24
   0.86451923E+24
   0.86833643E+24
   0.87216977E+24
   0.87601931E+24
   0.87988511E+24
   0.88376724E+24
   0.88766576E+24
   0.89158073E+24
   0.89551222E+24
   0.89946029E+24
   0.90342500E+24
   0.90740642E+24
   0.91140461E+24
   0.91541964E+24
   0.91945157E+24
   0.92350046E+24
   0.92756639E+24
   0.93164941E+24
   0.93574960E+24
   0.93986701E+24
   0.94400171E+24
   0.94815378E+24
   0.95232327E+24
   0.95651025E+24
   0.96071479E+24
   0.96493695E+24
   0.96917681E+24
   0.97343443E+24
   0.97770988E+24
   0.98200322E+24
   0.98631452E+24
   0.99064386E+24
   0.99499129E+24
   0.99935690E+24
   0.10037407E+25
   0.10081429E+25
   0.10125634E+25
   0.10170024E+25
   0.10214598E+25
   0.10259359E+25
   0.10304306E+25
   0.10349441E+25
   0.10394763E+25
   0.10440274E+25
   0.10485974E+25
   0.10531865E+25
   0.10577946E+25
   0.10624218E+25
   0.10670683E+25
   0.10717341E+25
   0.10764193E+25
   0.10811238E+25
   0.10858479E+25
   0.10905916E+25
   0.10953549E+25
   0.11001380E+25
   0.11049408E+25
   0.11097636E+25
   0.11146063E+25
   0.11194690E+25
   0.11243518E+25
   0.11292547E+25
   0.11341779E+25
   0.11391215E+25
   0.11440854E+25
   0.11490698E+25
   0.11540748E+25
   0.11591003E+25
   0.11641466E+25
   0.11692137E+25
   0.11743016E+25
   0.11794104E+25
   0.11845402E+25
   0.11896911E+25
   0.11948632E+25
   0.12000565E+25
   0.12052711E+25
   0.12105071E+25
   0.12157645E+25
   0.12210436E+25
   0.12263442E+25
   0.12316665E+25
   0.12370107E+25
   0.12423767E+25
   0.12477646E+25
   0.12531745E+25
   0.12586066E+25
   0.12640608E+25
   0.12695373E+25
   0.12750362E+25
   0.12805574E+25
   0.12861012E+25
   0.12916675E+25
   0.12972565E+25
   0.13028683E+25
   0.13085029E+25
   0.13141603E+25
   0.13198408E+25
   0.13255444E+25
   0.13312711E+25
   0.13370210E+25
   0.13427943E+25
   0.13485910E+25
   0.13544112E+25
   0.13602549E+25
   0.13661223E+25
   0.13720135E+25
   0.13779284E+25
   0.13838673E+25
   0.13898302E+25
   0.13958171E+25
   0.14018282E+25
   0.14078636E+25
   0.14139233E+25
   0.14200074E+25
   0.14261161E+25
   0.14322493E+25
   0.14384072E+25
   0.14445899E+25
   0.14507974E+25
   0.14570299E+25
   0.14632874E+25
   0.14695700E+25
   0.14758778E+25
   0.14822109E+25
   0.14885694E+25
   0.14949534E+25
   0.15013629E+25
   0.15077981E+25
   0.15142590E+25
   0.15207457E+25
   0.15272584E+25
   0.15337970E+25
   0.15403618E+25
   0.15469527E+25
   0.15535699E+25
   0.15602135E+25
   0.15668835E+25
   0.15735801E+25
   0.15803033E+25
   0.15870533E+25
   0.15938301E+25
   0.16006337E+25
   0.16074644E+25
   0.16143222E+25
   0.16212072E+25
   0.16281195E+25
   0.16350592E+25
   0.16420263E+25
   0.16490210E+25
   0.16560433E+25
   0.16630934E+25
   0.16701714E+25
   0.16772773E+25
   0.16844112E+25
   0.16915733E+25
   0.16987636E+25
   0.17059822E+25
   0.17132292E+25
   0.17205048E+25
   0.17278089E+25
   0.17351418E+25
   0.17425034E+25
   0.17498940E+25
   0.17573136E+25
   0.17647622E+25
   0.17722400E+25
   0.17797472E+25
   0.17872837E+25
   0.17948497E+25
   0.18024452E+25
   0.18100705E+25
   0.18177255E+25
   0.18254104E+25
   0.18331253E+25
   0.18408703E+25
   0.18486454E+25
   0.18564508E+25
   0.18642866E+25
   0.18721529E+25
   0.18800497E+25
   0.18879773E+25
   0.18959355E+25
   0.19039247E+25
   0.19119449E+25
   0.19199961E+25
   0.19280785E+25
   0.19361922E+25
   0.19443373E+25
   0.19525138E+25
   0.19607220E+25
   0.19689619E+25
   0.19772335E+25
   0.19855371E+25
   0.19938726E+25
   0.20022403E+25
   0.20106401E+25
   0.20190723E+25
   0.20275369E+25
   0.20360341E+25
   0.20445638E+25
   0.20531263E+25
   0.20617216E+25
   0.20703499E+25
   0.20790112E+25
   0.20877057E+25
   0.20964335E+25
   0.21051946E+25
   0.21139892E+25
   0.21228173E+25
   0.21316792E+25
   0.21405748E+25
   0.21495044E+25
   0.21584679E+25
   0.21674656E+25
   0.21764975E+25
   0.21855637E+25
   0.21946644E+25
   0.22037997E+25
   0.22129695E+25
   0.22221742E+25
   0.22314137E+25
   0.22406883E+25
   0.22499979E+25
   0.22593427E+25
   0.22687228E+25
   0.22781384E+25
   0.22875895E+25
   0.22970763E+25
   0.23065988E+25
   0.23161572E+25
   0.23257515E+25
   0.23353820E+25
   0.23450487E+25
   0.23547516E+25
   0.23644910E+25
   0.23742670E+25
   0.23840796E+25
   0.23939290E+25
   0.24038152E+25
   0.24137385E+25
   0.24236989E+25
   0.24336964E+25
   0.24437313E+25
   0.24538037E+25
   0.24639136E+25
   0.24740612E+25
   0.24842466E+25
   0.24944699E+25
   0.25047313E+25
   0.25150307E+25
   0.25253684E+25
   0.25357445E+25
   0.25461591E+25
   0.25566123E+25
   0.25671042E+25
   0.25776349E+25
   0.25882046E+25
   0.25988133E+25
   0.26094613E+25
   0.26201485E+25
   0.26308752E+25
   0.26416414E+25
   0.26524472E+25
   0.26632929E+25
   0.26741784E+25
   0.26851039E+25
   0.26960696E+25
   0.27070755E+25
   0.27181218E+25
   0.27292086E+25
   0.27403360E+25
   0.27515041E+25
   0.27627131E+25
   0.27739630E+25
   0.27852540E+25
   0.27965863E+25
   0.28079599E+25
   0.28193749E+25
   0.28308315E+25
   0.28423298E+25
   0.28538699E+25
   0.28654520E+25
   0.28770761E+25
   0.28887424E+25
   0.29004510E+25
   0.29122020E+25
   0.29239956E+25
   0.29358319E+25
   0.29477110E+25
   0.29596330E+25
   0.29715980E+25
   0.29836062E+25
   0.29956577E+25
   0.30077527E+25
   0.30198911E+25
   0.30320733E+25
   0.30442992E+25
   0.30565691E+25
   0.30688830E+25
   0.30812410E+25
   0.30936434E+25
   0.31060902E+25
   0.31185816E+25
   0.31311176E+25
   0.31436984E+25
   0.31563242E+25
   0.31689950E+25
   0.31817110E+25
   0.31944723E+25
   0.32072790E+25
   0.32201313E+25
   0.32330293E+25
   0.32459731E+25
   0.32589629E+25
   0.32719988E+25
   0.32850809E+25
   0.32982093E+25
   0.33113841E+25
   0.33246056E+25
   0.33378738E+25
   0.33511889E+25
   0.33645509E+25
   0.33779601E+25
   0.33914165E+25
   0.34049203E+25
   0.34184716E+25
   0.34320705E+25
   0.34457172E+25
   0.34594118E+25
   0.34731545E+25
   0.34869453E+25
   0.35007844E+25
   0.35146719E+25
   0.35286080E+25
   0.35425928E+25
   0.35566265E+25
   0.35707091E+25
   0.35848408E+25
   0.35990217E+25
   0.36132520E+25
   0.36275317E+25
   0.36418611E+25
   0.36562403E+25
   0.36706694E+25
   0.36851485E+25
   0.36996778E+25
   0.37142574E+25
   0.37288874E+25
   0.37435680E+25
   0.37582993E+25
   0.37730815E+25
   0.37879146E+25
   0.38027989E+25
   0.38177344E+25
   0.38327213E+25
   0.38477597E+25
   0.38628498E+25
   0.38779917E+25
   0.38931856E+25
   0.39084315E+25
   0.39237297E+25
   0.39390802E+25
   0.39544832E+25
   0.39699388E+25
   0.39854472E+25
   0.40010085E+25
   0.40166229E+25
   0.40322904E+25
   0.40480113E+25
   0.40637856E+25
   0.40796136E+25
   0.40954953E+25
   0.41114308E+25
   0.41274204E+25
   0.41434642E+25
   0.41595623E+25
   0.41757149E+25
   0.41919220E+25
   0.42081839E+25
   0.42245006E+25
   0.42408724E+25
   0.42572993E+25
   0.42737815E+25
   0.42903192E+25
   0.43069124E+25
   0.43235614E+25
   0.43402663E+25
   0.43570271E+25
   0.43738442E+25
   0.43907175E+25
   0.44076473E+25
   0.44246337E+25
   0.44416768E+25
   0.44587768E+25
   0.44759339E+25
   0.44931481E+25
   0.45104196E+25
   0.45277485E+25
   0.45451351E+25
   0.45625795E+25
   0.45800817E+25
   0.45976420E+25
   0.46152605E+25
   0.46329373E+25
   0.46506726E+25
   0.46684665E+25
   0.46863193E+25
   0.47042309E+25
   0.47222016E+25
   0.47402316E+25
   0.47583209E+25
   0.47764697E+25
   0.47946782E+25
   0.48129466E+25
   0.48312749E+25
   0.48496633E+25
   0.48681119E+25
   0.48866210E+25
   0.49051907E+25
   0.49238210E+25
   0.49425123E+25
   0.49612645E+25
   0.49800779E+25
   0.49989527E+25
   0.50178889E+25
   0.50368867E+25
   0.50559463E+25
   0.50750678E+25
   0.50942514E+25
   0.51134972E+25
   0.51328054E+25
   0.51521761E+25
   0.51716095E+25
   0.51911058E+25
   0.52106650E+25
   0.52302874E+25
   0.52499731E+25
   0.52697222E+25
   0.52895350E+25
   0.53094115E+25
   0.53293519E+25
   0.53493564E+25
   0.53694251E+25
   0.53895582E+25
   0.54097559E+25
   0.54300182E+25
   0.54503454E+25
   0.54707376E+25
   0.54911949E+25
   0.55117176E+25
   0.55323057E+25
   0.55529595E+25
   0.55736790E+25
   0.55944646E+25
   0.56153162E+25
   0.56362340E+25
   0.56572183E+25
   0.56782692E+25
   0.56993868E+25
   0.57205713E+25
   0.57418229E+25
   0.57631417E+25
   0.57845278E+25
   0.58059815E+25
   0.58275029E+25
   0.58490922E+25
   0.58707494E+25
   0.58924749E+25
   0.59142686E+25
   0.59361309E+25
   0.59580618E+25
   0.59800616E+25
   0.60021303E+25
   0.60242682E+25
   0.60464754E+25
   0.60687521E+25
   0.60910984E+25
   0.61135145E+25
   0.61360006E+25
   0.61585568E+25
   0.61811833E+25
   0.62038802E+25
   0.62266478E+25
   0.62494861E+25
   0.62723954E+25
   0.62953758E+25
   0.63184275E+25
   0.63415506E+25
   0.63647453E+25
   0.63880118E+25
   0.64113503E+25
   0.64347609E+25
   0.64582437E+25
   0.64817990E+25
   0.65054269E+25
   0.65291276E+25
   0.65529012E+25
   0.65767479E+25
   0.66006679E+25
   0.66246614E+25
   0.66487285E+25
   0.66728694E+25
   0.66970843E+25
   0.67213732E+25
   0.67457365E+25
   0.67701743E+25
   0.67946867E+25
   0.68192739E+25
   0.68439361E+25
   0.68686734E+25
   0.68934861E+25
   0.69183743E+25
   0.69433381E+25
   0.69683778E+25
   0.69934935E+25
   0.70186854E+25
   0.70439537E+25
   0.70692985E+25
   0.70947200E+25
   0.71202183E+25
   0.71457938E+25
   0.71714465E+25
   0.71971766E+25
   0.72229842E+25
   0.72488697E+25
   0.72748330E+25
   0.73008745E+25
   0.73269943E+25
   0.73531925E+25
   0.73794694E+25
   0.74058251E+25
   0.74322598E+25
   0.74587736E+25
   0.74853668E+25
   0.75120396E+25
   0.75387920E+25
   0.75656244E+25
   0.75925368E+25
   0.76195295E+25
   0.76466025E+25
   0.76737562E+25
   0.77009907E+25
   0.77283062E+25
   0.77557028E+25
   0.77831807E+25
   0.78107401E+25
   0.78383813E+25
   0.78661043E+25
   0.78939094E+25
   0.79217967E+25
   0.79497664E+25
   0.79778188E+25
   0.80059539E+25
   0.80341720E+25
   0.80624733E+25
   0.80908580E+25
   0.81193261E+25
   0.81478780E+25
   0.81765138E+25
   0.82052337E+25
   0.82340378E+25
   0.82629264E+25
   0.82918997E+25
   0.83209578E+25
   0.83501009E+25
   0.83793292E+25
   0.84086430E+25
   0.84380423E+25
   0.84675274E+25
   0.84970985E+25
   0.85267557E+25
   0.85564993E+25
   0.85863294E+25
   0.86162462E+25
   0.86462500E+25
   0.86763408E+25
   0.87065190E+25
   0.87367847E+25
   0.87671380E+25
   0.87975792E+25
   0.88281085E+25
   0.88587261E+25
   0.88894321E+25
   0.89202268E+25
   0.89511103E+25
   0.89820829E+25
   0.90131447E+25
   0.90442959E+25
   0.90755368E+25
   0.91068674E+25
   0.91382881E+25
   0.91697991E+25
   0.92014004E+25
   0.92330923E+25
   0.92648751E+25
   0.92967489E+25
   0.93287138E+25
   0.93607702E+25
   0.93929182E+25
   0.94251580E+25
   0.94574898E+25
   0.94899138E+25
   0.95224302E+25
   0.95550392E+25
   0.95877410E+25
   0.96205358E+25
   0.96534239E+25
   0.96864053E+25
   0.97194804E+25
   0.97526493E+25
   0.97859122E+25
   0.98192694E+25
   0.98527210E+25
   0.98862672E+25
   0.99199083E+25
   0.99536444E+25
   0.99874758E+25
   0.10021403E+26
   0.10055425E+26
   0.10089544E+26
   0.10123758E+26
   0.10158069E+26
   0.10192476E+26
   0.10226980E+26
   0.10261581E+26
   0.10296279E+26
   0.10331074E+26
   0.10365967E+26
   0.10400958E+26
   0.10436047E+26
   0.10471234E+26
   0.10506519E+26
   0.10541903E+26
   0.10577385E+26
   0.10612967E+26
   0.10648648E+26
   0.10684428E+26
   0.10720309E+26
   0.10756289E+26
   0.10792369E+26
   0.10828549E+26
   0.10864830E+26
   0.10901212E+26
   0.10937694E+26
   0.10974278E+26
   0.11010964E+26
   0.11047751E+26
   0.11084639E+26
   0.11121630E+26
   0.11158723E+26
   0.11195919E+26
   0.11233217E+26
   0.11270619E+26
   0.11308123E+26
   0.11345731E+26
   0.11383443E+26
   0.11421258E+26
   0.11459177E+26
   0.11497201E+26
   0.11535329E+26
   0.11573562E+26
   0.11611900E+26
   0.11650343E+26
   0.11688891E+26
   0.11727546E+26
   0.11766306E+26
   0.11805172E+26
   0.11844144E+26
   0.11883223E+26
   0.11922409E+26
   0.11961701E+26
   0.12001101E+26
   0.12040609E+26
   0.12080224E+26
   0.12119947E+26
   0.12159778E+26
   0.12199717E+26
   0.12239766E+26
   0.12279923E+26
   0.12320189E+26
   0.12360564E+26
   0.12401049E+26
   0.12441644E+26
   0.12482349E+26
   0.12523164E+26
   0.12564089E+26
   0.12605126E+26
   0.12646273E+26
   0.12687531E+26
   0.12728901E+26
   0.12770383E+26
   0.12811977E+26
   0.12853682E+26
   0.12895500E+26
   0.12937431E+26
   0.12979475E+26
   0.13021632E+26
   0.13063902E+26
   0.13106286E+26
   0.13148783E+26
   0.13191395E+26
   0.13234121E+26
   0.13276962E+26
   0.13319917E+26
   0.13362988E+26
   0.13406174E+26
   0.13449476E+26
   0.13492893E+26
   0.13536426E+26
   0.13580076E+26
   0.13623842E+26
   0.13667726E+26
   0.13711726E+26
   0.13755843E+26
   0.13800078E+26
   0.13844431E+26
   0.13888902E+26
   0.13933492E+26
   0.13978200E+26
   0.14023026E+26
   0.14067972E+26
   0.14113037E+26
   0.14158222E+26
   0.14203527E+26
   0.14248952E+26
   0.14294497E+26
   0.14340163E+26
   0.14385949E+26
   0.14431857E+26
   0.14477886E+26
   0.14524037E+26
   0.14570310E+26
   0.14616705E+26
   0.14663223E+26
   0.14709863E+26
   0.14756626E+26
   0.14803513E+26
   0.14850522E+26
   0.14897656E+26
   0.14944914E+26
   0.14992296E+26
   0.15039802E+26
   0.15087434E+26
   0.15135190E+26
   0.15183072E+26
   0.15231080E+26
   0.15279213E+26
   0.15327473E+26
   0.15375859E+26
   0.15424372E+26
   0.15473011E+26
   0.15521779E+26
   0.15570673E+26
   0.15619695E+26
   0.15668846E+26
   0.15718125E+26
   0.15767532E+26
   0.15817069E+26
   0.15866734E+26
   0.15916529E+26
   0.15966454E+26
   0.16016509E+26
   0.16066694E+26
   0.16117009E+26
   0.16167456E+26
   0.16218034E+26
   0.16268743E+26
   0.16319583E+26
   0.16370556E+26
   0.16421661E+26
   0.16472899E+26
   0.16524269E+26
   0.16575773E+26
   0.16627410E+26
   0.16679180E+26
   0.16731085E+26
   0.16783124E+26
   0.16835297E+26
   0.16887606E+26
   0.16940049E+26
   0.16992628E+26
   0.17045343E+26
   0.17098193E+26
   0.17151180E+26
   0.17204304E+26
   0.17257564E+26
   0.17310962E+26
   0.17364497E+26
   0.17418170E+26
   0.17471981E+26
   0.17525930E+26
   0.17580018E+26
   0.17634245E+26
   0.17688611E+26
   0.17743117E+26
   0.17797762E+26
   0.17852548E+26
   0.17907474E+26
   0.17962541E+26
   0.18017749E+26
   0.18073099E+26
   0.18128590E+26
   0.18184223E+26
   0.18239999E+26
   0.18295917E+26
   0.18351978E+26
   0.18408182E+26
   0.18464530E+26
   0.18521021E+26
   0.18577657E+26
   0.18634437E+26
   0.18691362E+26
   0.18748432E+26
   0.18805647E+26
   0.18863008E+26
   0.18920515E+26
   0.18978169E+26
   0.19035969E+26
   0.19093916E+26
   0.19152010E+26
   0.19210252E+26
   0.19268642E+26
   0.19327180E+26
   0.19385867E+26
   0.19444702E+26
   0.19503687E+26
   0.19562821E+26
   0.19622106E+26
   0.19681540E+26
   0.19741125E+26
   0.19800860E+26
   0.19860747E+26
   0.19920786E+26
   0.19980976E+26
   0.20041318E+26
   0.20101813E+26
   0.20162460E+26
   0.20223261E+26
   0.20284215E+26
   0.20345323E+26
   0.20406584E+26
   0.20468001E+26
   0.20529572E+26
   0.20591298E+26
   0.20653180E+26
   0.20715218E+26
   0.20777412E+26
   0.20839762E+26
   0.20902269E+26
   0.20964933E+26
   0.21027755E+26
   0.21090734E+26
   0.21153872E+26
   0.21217168E+26
   0.21280623E+26
   0.21344238E+26
   0.21408011E+26
   0.21471945E+26
   0.21536039E+26
   0.21600294E+26
   0.21664709E+26
   0.21729286E+26
   0.21794025E+26
   0.21858925E+26
   0.21923988E+26
   0.21989214E+26
   0.22054602E+26
   0.22120154E+26
   0.22185870E+26
   0.22251750E+26
   0.22317795E+26
   0.22384004E+26
   0.22450378E+26
   0.22516918E+26
   0.22583624E+26
   0.22650496E+26
   0.22717535E+26
   0.22784741E+26
   0.22852114E+26
   0.22919655E+26
   0.22987364E+26
   0.23055242E+26
   0.23123288E+26
   0.23191504E+26
   0.23259889E+26
   0.23328444E+26
   0.23397169E+26
   0.23466065E+26
   0.23535132E+26
   0.23604371E+26
   0.23673781E+26
   0.23743364E+26
   0.23813119E+26
   0.23883047E+26
   0.23953148E+26
   0.24023423E+26
   0.24093872E+26
   0.24164495E+26
   0.24235294E+26
   0.24306267E+26
   0.24377416E+26
   0.24448741E+26
   0.24520243E+26
   0.24591921E+26
   0.24663776E+26
   0.24735809E+26
   0.24808020E+26
   0.24880409E+26
   0.24952976E+26
   0.25025723E+26
   0.25098649E+26
   0.25171755E+26
   0.25245042E+26
   0.25318509E+26
   0.25392157E+26
   0.25465986E+26
   0.25539998E+26
   0.25614191E+26
   0.25688567E+26
   0.25763127E+26
   0.25837869E+26
   0.25912796E+26
   0.25987907E+26
   0.26063202E+26
   0.26138683E+26
   0.26214349E+26
   0.26290200E+26
   0.26366238E+26
   0.26442463E+26
   0.26518875E+26
   0.26595474E+26
   0.26672262E+26
   0.26749237E+26
   0.26826402E+26
   0.26903755E+26
   0.26981298E+26
   0.27059031E+26
   0.27136955E+26
   0.27215069E+26
   0.27293375E+26
   0.27371872E+26
   0.27450561E+26
   0.27529443E+26
   0.27608518E+26
   0.27687786E+26
   0.27767248E+26
   0.27846904E+26
   0.27926755E+26
   0.28006801E+26
   0.28087042E+26
   0.28167479E+26
   0.28248113E+26
   0.28328943E+26
   0.28409971E+26
   0.28491196E+26
   0.28572619E+26
   0.28654241E+26
   0.28736062E+26
   0.28818082E+26
   0.28900303E+26
   0.28982723E+26
   0.29065344E+26
   0.29148167E+26
   0.29231191E+26
   0.29314417E+26
   0.29397845E+26
   0.29481477E+26
   0.29565311E+26
   0.29649350E+26
   0.29733593E+26
   0.29818041E+26
   0.29902694E+26
   0.29987553E+26
   0.30072618E+26
   0.30157889E+26
   0.30243367E+26
   0.30329053E+26
   0.30414947E+26
   0.30501049E+26
   0.30587360E+26
   0.30673881E+26
   0.30760611E+26
   0.30847552E+26
   0.30934703E+26
   0.31022065E+26
   0.31109639E+26
   0.31197425E+26
   0.31285424E+26
   0.31373636E+26
   0.31462061E+26
   0.31550701E+26
   0.31639555E+26
   0.31728624E+26
   0.31817908E+26
   0.31907408E+26
   0.31997125E+26
   0.32087058E+26
   0.32177209E+26
   0.32267577E+26
   0.32358164E+26
   0.32448970E+26
   0.32539995E+26
   0.32631240E+26
   0.32722705E+26
   0.32814391E+26
   0.32906298E+26
   0.32998427E+26
   0.33090778E+26
   0.33183352E+26
   0.33276149E+26
   0.33369169E+26
   0.33462414E+26
   0.33555884E+26
   0.33649579E+26
   0.33743499E+26
   0.33837646E+26
   0.33932019E+26
   0.34026620E+26
   0.34121448E+26
   0.34216505E+26
   0.34311790E+26
   0.34407305E+26
   0.34503049E+26
   0.34599024E+26
   0.34695229E+26
   0.34791666E+26
   0.34888334E+26
   0.34985235E+26
   0.35082369E+26
   0.35179735E+26
   0.35277336E+26
   0.35375172E+26
   0.35473242E+26
   0.35571547E+26
   0.35670089E+26
   0.35768867E+26
   0.35867882E+26
   0.35967135E+26
   0.36066626E+26
   0.36166355E+26
   0.36266324E+26
   0.36366532E+26
   0.36466980E+26
   0.36567669E+26
   0.36668600E+26
   0.36769772E+26
   0.36871187E+26
   0.36972844E+26
   0.37074745E+26
   0.37176890E+26
   0.37279280E+26
   0.37381914E+26
   0.37484795E+26
   0.37587921E+26
   0.37691294E+26
   0.37794915E+26
   0.37898783E+26
   0.38002899E+26
   0.38107265E+26
   0.38211880E+26
   0.38316745E+26
   0.38421861E+26
   0.38527228E+26
   0.38632847E+26
   0.38738718E+26
   0.38844841E+26
   0.38951219E+26
   0.39057850E+26
   0.39164736E+26
   0.39271877E+26
   0.39379273E+26
   0.39486926E+26
   0.39594836E+26
   0.39703004E+26
   0.39811429E+26
   0.39920113E+26
   0.40029056E+26
   0.40138258E+26
   0.40247722E+26
   0.40357446E+26
   0.40467431E+26
   0.40577679E+26
   0.40688189E+26
   0.40798962E+26
   0.40910000E+26
   0.41021302E+26
   0.41132868E+26
   0.41244701E+26
   0.41356799E+26
   0.41469165E+26
   0.41581798E+26
   0.41694699E+26
   0.41807868E+26
   0.41921307E+26
   0.42035016E+26
   0.42148995E+26
   0.42263245E+26
   0.42377767E+26
   0.42492561E+26
   0.42607628E+26
   0.42722968E+26
   0.42838582E+26
   0.42954471E+26
   0.43070636E+26
   0.43187076E+26
   0.43303793E+26
   0.43420788E+26
   0.43538060E+26
   0.43655610E+26
   0.43773440E+26
   0.43891549E+26
   0.44009938E+26
   0.44128609E+26
   0.44247561E+26
   0.44366795E+26
   0.44486312E+26
   0.44606113E+26
   0.44726198E+26
   0.44846567E+26
   0.44967222E+26
   0.45088163E+26
   0.45209391E+26
   0.45330906E+26
   0.45452709E+26
   0.45574801E+26
   0.45697182E+26
   0.45819852E+26
   0.45942814E+26
   0.46066067E+26
   0.46189611E+26
   0.46313448E+26
   0.46437579E+26
   0.46562003E+26
   0.46686722E+26
   0.46811736E+26
   0.46937045E+26
   0.47062652E+26
   0.47188555E+26
   0.47314757E+26
   0.47441257E+26
   0.47568056E+26
   0.47695155E+26
   0.47822555E+26
   0.47950256E+26
   0.48078259E+26
   0.48206564E+26
   0.48335173E+26
   0.48464086E+26
   0.48593303E+26
   0.48722826E+26
   0.48852655E+26
   0.48982790E+26
   0.49113233E+26
   0.49243984E+26
   0.49375044E+26
   0.49506413E+26
   0.49638093E+26
   0.49770084E+26
   0.49902386E+26
   0.50035000E+26
   0.50167927E+26
   0.50301169E+26
   0.50434724E+26
   0.50568595E+26
   0.50702782E+26
   0.50837285E+26
   0.50972105E+26
   0.51107244E+26
   0.51242701E+26
   0.51378478E+26
   0.51514574E+26
   0.51650992E+26
   0.51787731E+26
   0.51924793E+26
   0.52062178E+26
   0.52199886E+26
   0.52337919E+26
   0.52476278E+26
   0.52614962E+26
   0.52753973E+26
   0.52893312E+26
   0.53032978E+26
   0.53172974E+26
   0.53313300E+26
   0.53453956E+26
   0.53594943E+26
   0.53736262E+26
   0.53877914E+26
   0.54019899E+26
   0.54162218E+26
   0.54304873E+26
   0.54447863E+26
   0.54591190E+26
   0.54734854E+26
   0.54878856E+26
   0.55023196E+26
   0.55167877E+26
   0.55312897E+26
   0.55458259E+26
   0.55603962E+26
   0.55750009E+26
   0.55896398E+26
   0.56043132E+26
   0.56190211E+26
   0.56337635E+26
   0.56485406E+26
   0.56633525E+26
   0.56781991E+26
   0.56930807E+26
   0.57079972E+26
   0.57229487E+26
   0.57379354E+26
   0.57529573E+26
   0.57680145E+26
   0.57831070E+26
   0.57982350E+26
   0.58133985E+26
   0.58285977E+26
   0.58438325E+26
   0.58591031E+26
   0.58744095E+26
   0.58897519E+26
   0.59051303E+26
   0.59205448E+26
   0.59359955E+26
   0.59514824E+26
   0.59670057E+26
   0.59825654E+26
   0.59981616E+26
   0.60137944E+26
   0.60294638E+26
   0.60451701E+26
   0.60609131E+26
   0.60766931E+26
   0.60925101E+26
   0.61083642E+26
   0.61242555E+26
   0.61401840E+26
   0.61561499E+26
   0.61721532E+26
   0.61881940E+26
   0.62042725E+26
   0.62203886E+26
   0.62365425E+26
   0.62527342E+26
   0.62689639E+26
   0.62852316E+26
   0.63015374E+26
   0.63178815E+26
   0.63342638E+26
   0.63506845E+26
   0.63671436E+26
   0.63836414E+26
   0.64001777E+26
   0.64167528E+26
   0.64333667E+26
   0.64500195E+26
   0.64667113E+26
   0.64834422E+26
   0.65002122E+26
   0.65170215E+26
   0.65338702E+26
   0.65507583E+26
   0.65676859E+26
   0.65846531E+26
   0.66016601E+26
   0.66187068E+26
   0.66357934E+26
   0.66529201E+26
   0.66700867E+26
   0.66872936E+26
   0.67045407E+26
   0.67218281E+26
   0.67391560E+26
   0.67565244E+26
   0.67739334E+26
   0.67913831E+26
   0.68088737E+26
   0.68264051E+26
   0.68439775E+26
   0.68615910E+26
   0.68792457E+26
   0.68969417E+26
   0.69146790E+26
   0.69324578E+26
   0.69502782E+26
   0.69681402E+26
   0.69860439E+26
   0.70039895E+26
   0.70219770E+26
   0.70400065E+26
   0.70580782E+26
   0.70761921E+26
   0.70943483E+26
   0.71125469E+26
   0.71307881E+26
   0.71490718E+26
   0.71673983E+26
   0.71857675E+26
   0.72041797E+26
   0.72226348E+26
   0.72411331E+26
   0.72596745E+26
   0.72782592E+26
   0.72968874E+26
   0.73155590E+26
   0.73342742E+26
   0.73530331E+26
   0.73718357E+26
   0.73906823E+26
   0.74095729E+26
   0.74285075E+26
   0.74474863E+26
   0.74665095E+26
   0.74855770E+26
   0.75046890E+26
   0.75238456E+26
   0.75430468E+26
   0.75622929E+26
   0.75815839E+26
   0.76009199E+26
   0.76203010E+26
   0.76397273E+26
   0.76591989E+26
   0.76787159E+26
   0.76982785E+26
   0.77178866E+26
   0.77375405E+26
   0.77572402E+26
   0.77769858E+26
   0.77967775E+26
   0.78166153E+26
   0.78364994E+26
   0.78564298E+26
   0.78764067E+26
   0.78964302E+26
   0.79165003E+26
   0.79366172E+26
   0.79567810E+26
   0.79769918E+26
   0.79972496E+26
   0.80175547E+26
   0.80379071E+26
   0.80583070E+26
   0.80787543E+26
   0.80992493E+26
   0.81197920E+26
   0.81403826E+26
   0.81610212E+26
   0.81817078E+26
   0.82024426E+26
   0.82232258E+26
   0.82440573E+26
   0.82649373E+26
   0.82858660E+26
   0.83068434E+26
   0.83278696E+26
   0.83489449E+26
   0.83700691E+26
   0.83912426E+26
   0.84124654E+26
   0.84337375E+26
   0.84550592E+26
   0.84764305E+26
   0.84978516E+26
   0.85193226E+26
   0.85408435E+26
   0.85624145E+26
   0.85840357E+26
   0.86057072E+26
   0.86274291E+26
   0.86492016E+26
   0.86710248E+26
   0.86928988E+26
   0.87148236E+26
   0.87367994E+26
   0.87588264E+26
   0.87809046E+26
   0.88030342E+26
   0.88252153E+26
   0.88474479E+26
   0.88697323E+26
   0.88920685E+26
   0.89144567E+26
   0.89368969E+26
   0.89593893E+26
   0.89819340E+26
   0.90045311E+26
   0.90271808E+26
   0.90498832E+26
   0.90726383E+26
   0.90954464E+26
   0.91183074E+26
   0.91412217E+26
   0.91641892E+26
   0.91872100E+26
   0.92102844E+26
   0.92334125E+26
   0.92565942E+26
   0.92798299E+26
   0.93031196E+26
   0.93264634E+26
   0.93498614E+26
   0.93733138E+26
   0.93968207E+26
   0.94203823E+26
   0.94439986E+26
   0.94676697E+26
   0.94913959E+26
   0.95151771E+26
   0.95390137E+26
   0.95629056E+26
   0.95868530E+26
   0.96108560E+26
   0.96349148E+26
   0.96590294E+26
   0.96832001E+26
   0.97074269E+26
   0.97317100E+26
   0.97560494E+26
   0.97804454E+26
   0.98048980E+26
   0.98294075E+26
   0.98539738E+26
   0.98785971E+26
   0.99032777E+26
   0.99280155E+26
   0.99528108E+26
   0.99776636E+26
   0.10002574E+27
   0.10027542E+27
   0.10052569E+27
   0.10077653E+27
   0.10102796E+27
   0.10127997E+27
   0.10153256E+27
   0.10178574E+27
   0.10203951E+27
   0.10229387E+27
   0.10254881E+27
   0.10280435E+27
   0.10306048E+27
   0.10331721E+27
   0.10357453E+27
   0.10383245E+27
   0.10409097E+27
   0.10435008E+27
   0.10460980E+27
   0.10487012E+27
   0.10513105E+27
   0.10539257E+27
   0.10565471E+27
   0.10591745E+27
   0.10618081E+27
   0.10644477E+27
   0.10670935E+27
   0.10697453E+27
   0.10724034E+27
   0.10750676E+27
   0.10777380E+27
   0.10804145E+27
   0.10830973E+27
   0.10857863E+27
   0.10884815E+27
   0.10911830E+27
   0.10938907E+27
   0.10966048E+27
   0.10993251E+27
   0.11020517E+27
   0.11047846E+27
   0.11075238E+27
   0.11102695E+27
   0.11130214E+27
   0.11157798E+27
   0.11185445E+27
   0.11213156E+27
   0.11240932E+27
   0.11268772E+27
   0.11296677E+27
   0.11324646E+27
   0.11352680E+27
   0.11380778E+27
   0.11408942E+27
   0.11437171E+27
   0.11465466E+27
   0.11493826E+27
   0.11522252E+27
   0.11550743E+27
   0.11579301E+27
   0.11607924E+27
   0.11636614E+27
   0.11665370E+27
   0.11694193E+27
   0.11723083E+27
   0.11752039E+27
   0.11781063E+27
   0.11810153E+27
   0.11839311E+27
   0.11868537E+27
   0.11897830E+27
   0.11927191E+27
   0.11956620E+27
   0.11986117E+27
   0.12015682E+27
   0.12045316E+27
   0.12075018E+27
   0.12104789E+27
   0.12134628E+27
   0.12164537E+27
   0.12194515E+27
   0.12224562E+27
   0.12254679E+27
   0.12284866E+27
   0.12315122E+27
   0.12345448E+27
   0.12375844E+27
   0.12406311E+27
   0.12436848E+27
   0.12467456E+27
   0.12498134E+27
   0.12528883E+27
   0.12559704E+27
   0.12590595E+27
   0.12621559E+27
   0.12652593E+27
   0.12683699E+27
   0.12714878E+27
   0.12746128E+27
   0.12777450E+27
   0.12808845E+27
   0.12840313E+27
   0.12871853E+27
   0.12903465E+27
   0.12935151E+27
   0.12966910E+27
   0.12998743E+27
   0.13030649E+27
   0.13062629E+27
   0.13094682E+27
   0.13126810E+27
   0.13159011E+27
   0.13191287E+27
   0.13223638E+27
   0.13256063E+27
   0.13288563E+27
   0.13321138E+27
   0.13353788E+27
   0.13386514E+27
   0.13419315E+27
   0.13452192E+27
   0.13485145E+27
   0.13518173E+27
   0.13551278E+27
   0.13584459E+27
   0.13617717E+27
   0.13651052E+27
   0.13684463E+27
   0.13717951E+27
   0.13751517E+27
   0.13785160E+27
   0.13818880E+27
   0.13852679E+27
   0.13886555E+27
   0.13920509E+27
   0.13954542E+27
   0.13988653E+27
   0.14022842E+27
   0.14057111E+27
   0.14091458E+27
   0.14125884E+27
   0.14160390E+27
   0.14194975E+27
   0.14229640E+27
   0.14264385E+27
   0.14299209E+27
   0.14334114E+27
   0.14369099E+27
   0.14404165E+27
   0.14439311E+27
   0.14474539E+27
   0.14509847E+27
   0.14545237E+27
   0.14580708E+27
   0.14616260E+27
   0.14651895E+27
   0.14687611E+27
   0.14723410E+27
   0.14759291E+27
   0.14795254E+27
   0.14831300E+27
   0.14867429E+27
   0.14903641E+27
   0.14939936E+27
   0.14976315E+27
   0.15012777E+27
   0.15049323E+27
   0.15085953E+27
   0.15122667E+27
   0.15159465E+27
   0.15196348E+27
   0.15233316E+27
   0.15270368E+27
   0.15307506E+27
   0.15344729E+27
   0.15382037E+27
   0.15419431E+27
   0.15456910E+27
   0.15494476E+27
   0.15532127E+27
   0.15569866E+27
   0.15607690E+27
   0.15645601E+27
   0.15683600E+27
   0.15721685E+27
   0.15759858E+27
   0.15798118E+27
   0.15836465E+27
   0.15874901E+27
   0.15913425E+27
   0.15952036E+27
   0.15990737E+27
   0.16029526E+27
   0.16068403E+27
   0.16107370E+27
   0.16146425E+27
   0.16185571E+27
   0.16224805E+27
   0.16264130E+27
   0.16303544E+27
   0.16343048E+27
   0.16382643E+27
   0.16422328E+27
   0.16462104E+27
   0.16501971E+27
   0.16541928E+27
   0.16581977E+27
   0.16622118E+27
   0.16662350E+27
   0.16702674E+27
   0.16743090E+27
   0.16783598E+27
   0.16824198E+27
   0.16864891E+27
   0.16905677E+27
   0.16946556E+27
   0.16987528E+27
   0.17028593E+27
   0.17069752E+27
   0.17111005E+27
   0.17152351E+27
   0.17193792E+27
   0.17235327E+27
   0.17276956E+27
   0.17318680E+27
   0.17360499E+27
   0.17402414E+27
   0.17444423E+27
   0.17486528E+27
   0.17528728E+27
   0.17571025E+27
   0.17613417E+27
   0.17655906E+27
   0.17698491E+27
   0.17741172E+27
   0.17783951E+27
   0.17826826E+27
   0.17869799E+27
   0.17912869E+27
   0.17956036E+27
   0.17999302E+27
   0.18042665E+27
   0.18086127E+27
   0.18129686E+27
   0.18173345E+27
   0.18217102E+27
   0.18260958E+27
   0.18304913E+27
   0.18348967E+27
   0.18393121E+27
   0.18437375E+27
   0.18481728E+27
   0.18526181E+27
   0.18570735E+27
   0.18615389E+27
   0.18660144E+27
   0.18705000E+27
   0.18749956E+27
   0.18795014E+27
   0.18840173E+27
   0.18885434E+27
   0.18930797E+27
   0.18976261E+27
   0.19021828E+27
   0.19067497E+27
   0.19113268E+27
   0.19159142E+27
   0.19205119E+27
   0.19251199E+27
   0.19297383E+27
   0.19343670E+27
   0.19390060E+27
   0.19436554E+27
   0.19483152E+27
   0.19529855E+27
   0.19576662E+27
   0.19623573E+27
   0.19670589E+27
   0.19717710E+27
   0.19764936E+27
   0.19812267E+27
   0.19859704E+27
   0.19907246E+27
   0.19954894E+27
   0.20002648E+27
   0.20050508E+27
   0.20098475E+27
   0.20146548E+27
   0.20194728E+27
   0.20243015E+27
   0.20291408E+27
   0.20339909E+27
   0.20388517E+27
   0.20437233E+27
   0.20486057E+27
   0.20534988E+27
   0.20584028E+27
   0.20633175E+27
   0.20682432E+27
   0.20731796E+27
   0.20781270E+27
   0.20830852E+27
   0.20880543E+27
   0.20930344E+27
   0.20980254E+27
   0.21030273E+27
   0.21080403E+27
   0.21130642E+27
   0.21180991E+27
   0.21231450E+27
   0.21282020E+27
   0.21332700E+27
   0.21383490E+27
   0.21434392E+27
   0.21485404E+27
   0.21536528E+27
   0.21587763E+27
   0.21639109E+27
   0.21690566E+27
   0.21742136E+27
   0.21793817E+27
   0.21845610E+27
   0.21897515E+27
   0.21949533E+27
   0.22001662E+27
   0.22053905E+27
   0.22106260E+27
   0.22158727E+27
   0.22211308E+27
   0.22264002E+27
   0.22316808E+27
   0.22369728E+27
   0.22422762E+27
   0.22475909E+27
   0.22529169E+27
   0.22582544E+27
   0.22636032E+27
   0.22689634E+27
   0.22743351E+27
   0.22797181E+27
   0.22851126E+27
   0.22905185E+27
   0.22959359E+27
   0.23013647E+27
   0.23068051E+27
   0.23122569E+27
   0.23177201E+27
   0.23231949E+27
   0.23286812E+27
   0.23341790E+27
   0.23396884E+27
   0.23452092E+27
   0.23507417E+27
   0.23562856E+27
   0.23618412E+27
   0.23674082E+27
   0.23729869E+27
   0.23785771E+27
   0.23841790E+27
   0.23897924E+27
   0.23954174E+27
   0.24010540E+27
   0.24067022E+27
   0.24123620E+27
   0.24180335E+27
   0.24237165E+27
   0.24294112E+27
   0.24351175E+27
   0.24408355E+27
   0.24465651E+27
   0.24523063E+27
   0.24580591E+27
   0.24638236E+27
   0.24695997E+27
   0.24753875E+27
   0.24811869E+27
   0.24869980E+27
   0.24928207E+27
   0.24986550E+27
   0.25045010E+27
   0.25103586E+27
   0.25162279E+27
   0.25221087E+27
   0.25280013E+27
   0.25339054E+27
   0.25398212E+27
   0.25457486E+27
   0.25516876E+27
   0.25576383E+27
   0.25636005E+27
   0.25695744E+27
   0.25755598E+27
   0.25815569E+27
   0.25875655E+27
   0.25935857E+27
   0.25996175E+27
   0.26056608E+27
   0.26117156E+27
   0.26177821E+27
   0.26238600E+27
   0.26299495E+27
   0.26360504E+27
   0.26421629E+27
   0.26482868E+27
   0.26544223E+27
   0.26605691E+27
   0.26667275E+27
   0.26728972E+27
   0.26790784E+27
   0.26852709E+27
   0.26914749E+27
   0.26976902E+27
   0.27039168E+27
   0.27101548E+27
   0.27164040E+27
   0.27226646E+27
   0.27289365E+27
   0.27352195E+27
   0.27415138E+27
   0.27478194E+27
   0.27541360E+27
   0.27604639E+27
   0.27668029E+27
   0.27731530E+27
   0.27795141E+27
   0.27858864E+27
   0.27922696E+27
   0.27986638E+27
   0.28050691E+27
   0.28114852E+27
   0.28179123E+27
   0.28243502E+27
   0.28307990E+27
   0.28372586E+27
   0.28437290E+27
   0.28502101E+27
   0.28567020E+27
   0.28632045E+27
   0.28697177E+27
   0.28762414E+27
   0.28827757E+27
   0.28893206E+27
   0.28958759E+27
   0.29024416E+27
   0.29090178E+27
   0.29156043E+27
   0.29222011E+27
   0.29288082E+27
   0.29354255E+27
   0.29420530E+27
   0.29486906E+27
   0.29553383E+27
   0.29619960E+27
   0.29686637E+27
   0.29753413E+27
   0.29820288E+27
   0.29887261E+27
   0.29954332E+27
   0.30021500E+27
   0.30088765E+27
   0.30156125E+27
   0.30223581E+27
   0.30291131E+27
   0.30358776E+27
   0.30426515E+27
   0.30494346E+27
   0.30562269E+27
   0.30630285E+27
   0.30698391E+27
   0.30766587E+27
   0.30834874E+27
   0.30903249E+27
   0.30971712E+27
   0.31040263E+27
   0.31108901E+27
   0.31177625E+27
   0.31246434E+27
   0.31315328E+27
   0.31384305E+27
   0.31453366E+27
   0.31522509E+27
   0.31591733E+27
   0.31661038E+27
   0.31730423E+27
   0.31799886E+27
   0.31869428E+27
   0.31939047E+27
   0.32008743E+27
   0.32078513E+27
   0.32148359E+27
   0.32218278E+27
   0.32288270E+27
   0.32358334E+27
   0.32428468E+27
   0.32498673E+27
   0.32568946E+27
   0.32639288E+27
   0.32709696E+27
   0.32780171E+27
   0.32850710E+27
   0.32921313E+27
   0.32991980E+27
   0.33062708E+27
   0.33133497E+27
   0.33204346E+27
   0.33275253E+27
   0.33346218E+27
   0.33417239E+27
   0.33488316E+27
   0.33559447E+27
   0.33630630E+27
   0.33701866E+27
   0.33773152E+27
   0.33844488E+27
   0.33915873E+27
   0.33987304E+27
   0.34058781E+27
   0.34130303E+27
   0.34201869E+27
   0.34273477E+27
   0.34345125E+27
   0.34416814E+27
   0.34488540E+27
   0.34560304E+27
   0.34632104E+27
   0.34703938E+27
   0.34775805E+27
   0.34847704E+27
   0.34919634E+27
   0.34991593E+27
   0.35063579E+27
   0.35135592E+27
   0.35207630E+27
   0.35279692E+27
   0.35351775E+27
   0.35423880E+27
   0.35496004E+27
   0.35568146E+27
   0.35640304E+27
   0.35712477E+27
   0.35784664E+27
   0.35856863E+27
   0.35929073E+27
   0.36001292E+27
   0.36073518E+27
   0.36145751E+27
   0.36217988E+27
   0.36290229E+27
   0.36362471E+27
   0.36434713E+27
   0.36506953E+27
   0.36579191E+27
   0.36651424E+27
   0.36723651E+27
   0.36795870E+27
   0.36868080E+27
   0.36940279E+27
   0.37012466E+27
   0.37084638E+27
   0.37156795E+27
   0.37228935E+27
   0.37301056E+27
   0.37373157E+27
   0.37445235E+27
   0.37517290E+27
   0.37589320E+27
   0.37661322E+27
   0.37733297E+27
   0.37805241E+27
   0.37877153E+27
   0.37949032E+27
   0.38020875E+27
   0.38092682E+27
   0.38164451E+27
   0.38236180E+27
   0.38307867E+27
   0.38379511E+27
   0.38451110E+27
   0.38522662E+27
   0.38594167E+27
   0.38665621E+27
   0.38737024E+27
   0.38808374E+27
   0.38879668E+27
   0.38950907E+27
   0.39022087E+27
   0.39093208E+27
   0.39164268E+27
   0.39235264E+27
   0.39306196E+27
   0.39377062E+27
   0.39447859E+27
   0.39518588E+27
   0.39589245E+27
   0.39659829E+27
   0.39730339E+27
   0.39800774E+27
   0.39871130E+27
   0.39941408E+27
   0.40011605E+27
   0.40081719E+27
   0.40151750E+27
   0.40221695E+27
   0.40291553E+27
   0.40361323E+27
   0.40431003E+27
   0.40500591E+27
   0.40570085E+27
   0.40639485E+27
   0.40708789E+27
   0.40777995E+27
   0.40847101E+27
   0.40916107E+27
   0.40985011E+27
   0.41053811E+27
   0.41122505E+27
   0.41191094E+27
   0.41259573E+27
   0.41327944E+27
   0.41396203E+27
   0.41464350E+27
   0.41532383E+27
   0.41600301E+27
   0.41668103E+27
   0.41735786E+27
   0.41803351E+27
   0.41870794E+27
   0.41938116E+27
   0.42005314E+27
   0.42072387E+27
   0.42139335E+27
   0.42206155E+27
   0.42272847E+27
   0.42339409E+27
   0.42405840E+27
   0.42472139E+27
   0.42538304E+27
   0.42604335E+27
   0.42670230E+27
   0.42735988E+27
   0.42801607E+27
   0.42867087E+27
   0.42932427E+27
   0.42997625E+27
   0.43062680E+27
   0.43127591E+27
   0.43192357E+27
   0.43256977E+27
   0.43321450E+27
   0.43385775E+27
   0.43449952E+27
   0.43513980E+27
   0.43577856E+27
   0.43641580E+27
   0.43705149E+27
   0.43768561E+27
   0.43831816E+27
   0.43894915E+27
   0.43957860E+27
   0.44020654E+27
   0.44083297E+27
   0.44145791E+27
   0.44208126E+27
   0.44270289E+27
   0.44332268E+27
   0.44394050E+27
   0.44455634E+27
   0.44517051E+27
   0.44578343E+27
   0.44639552E+27
   0.44700719E+27
   0.44761887E+27
   0.44823096E+27
   0.44884388E+27
   0.44945805E+27
