 -0.23025851E+002  0.00000000E+000
 -0.23002802E+002  0.00000000E+000
 -0.22979753E+002  0.00000000E+000
 -0.22956704E+002  0.00000000E+000
 -0.22933655E+002  0.00000000E+000
 -0.22910606E+002  0.00000000E+000
 -0.22887558E+002  0.00000000E+000
 -0.22864509E+002  0.00000000E+000
 -0.22841460E+002  0.00000000E+000
 -0.22818411E+002  0.00000000E+000
 -0.22795362E+002  0.00000000E+000
 -0.22772313E+002  0.00000000E+000
 -0.22749264E+002  0.00000000E+000
 -0.22726215E+002  0.00000000E+000
 -0.22703166E+002  0.00000000E+000
 -0.22680117E+002  0.00000000E+000
 -0.22657069E+002  0.00000000E+000
 -0.22634020E+002  0.00000000E+000
 -0.22610971E+002  0.00000000E+000
 -0.22587922E+002  0.00000000E+000
 -0.22564873E+002  0.00000000E+000
 -0.22541824E+002  0.00000000E+000
 -0.22518775E+002  0.00000000E+000
 -0.22495726E+002  0.00000000E+000
 -0.22472677E+002  0.00000000E+000
 -0.22449628E+002  0.00000000E+000
 -0.22426580E+002  0.00000000E+000
 -0.22403531E+002  0.00000000E+000
 -0.22380482E+002  0.00000000E+000
 -0.22357433E+002  0.00000000E+000
 -0.22334384E+002  0.00000000E+000
 -0.22311335E+002  0.00000000E+000
 -0.22288286E+002  0.00000000E+000
 -0.22265237E+002  0.00000000E+000
 -0.22242188E+002  0.00000000E+000
 -0.22219139E+002  0.00000000E+000
 -0.22196091E+002  0.00000000E+000
 -0.22173042E+002  0.00000000E+000
 -0.22149993E+002  0.00000000E+000
 -0.22126944E+002  0.00000000E+000
 -0.22103895E+002  0.00000000E+000
 -0.22080846E+002  0.00000000E+000
 -0.22057797E+002  0.00000000E+000
 -0.22034748E+002  0.00000000E+000
 -0.22011699E+002  0.00000000E+000
 -0.21988650E+002  0.00000000E+000
 -0.21965602E+002  0.00000000E+000
 -0.21942553E+002  0.00000000E+000
 -0.21919504E+002  0.00000000E+000
 -0.21896455E+002  0.00000000E+000
 -0.21873406E+002  0.00000000E+000
 -0.21850357E+002  0.00000000E+000
 -0.21827308E+002  0.00000000E+000
 -0.21804259E+002  0.00000000E+000
 -0.21781210E+002  0.00000000E+000
 -0.21758161E+002  0.00000000E+000
 -0.21735113E+002  0.00000000E+000
 -0.21712064E+002  0.00000000E+000
 -0.21689015E+002  0.00000000E+000
 -0.21665966E+002  0.00000000E+000
 -0.21642917E+002  0.00000000E+000
 -0.21619868E+002  0.00000000E+000
 -0.21596819E+002  0.00000000E+000
 -0.21573770E+002  0.00000000E+000
 -0.21550721E+002  0.00000000E+000
 -0.21527672E+002  0.00000000E+000
 -0.21504624E+002  0.00000000E+000
 -0.21481575E+002  0.00000000E+000
 -0.21458526E+002  0.00000000E+000
 -0.21435477E+002  0.00000000E+000
 -0.21412428E+002  0.00000000E+000
 -0.21389379E+002  0.00000000E+000
 -0.21366330E+002  0.00000000E+000
 -0.21343281E+002  0.00000000E+000
 -0.21320232E+002  0.00000000E+000
 -0.21297183E+002  0.00000000E+000
 -0.21274135E+002  0.00000000E+000
 -0.21251086E+002  0.00000000E+000
 -0.21228037E+002  0.00000000E+000
 -0.21204988E+002  0.00000000E+000
 -0.21181939E+002  0.00000000E+000
 -0.21158890E+002  0.00000000E+000
 -0.21135841E+002  0.00000000E+000
 -0.21112792E+002  0.00000000E+000
 -0.21089743E+002  0.00000000E+000
 -0.21066694E+002  0.00000000E+000
 -0.21043646E+002  0.00000000E+000
 -0.21020597E+002  0.00000000E+000
 -0.20997548E+002  0.00000000E+000
 -0.20974499E+002  0.00000000E+000
 -0.20951450E+002  0.00000000E+000
 -0.20928401E+002  0.00000000E+000
 -0.20905352E+002  0.00000000E+000
 -0.20882303E+002  0.00000000E+000
 -0.20859254E+002  0.00000000E+000
 -0.20836205E+002  0.00000000E+000
 -0.20813157E+002  0.00000000E+000
 -0.20790108E+002  0.00000000E+000
 -0.20767059E+002  0.00000000E+000
 -0.20744010E+002  0.00000000E+000
 -0.20720961E+002  0.00000000E+000
 -0.20697912E+002  0.00000000E+000
 -0.20674863E+002  0.00000000E+000
 -0.20651814E+002  0.00000000E+000
 -0.20628765E+002  0.00000000E+000
 -0.20605716E+002  0.00000000E+000
 -0.20582668E+002  0.00000000E+000
 -0.20559619E+002  0.00000000E+000
 -0.20536570E+002  0.00000000E+000
 -0.20513521E+002  0.00000000E+000
 -0.20490472E+002  0.00000000E+000
 -0.20467423E+002  0.00000000E+000
 -0.20444374E+002  0.00000000E+000
 -0.20421325E+002  0.00000000E+000
 -0.20398276E+002  0.00000000E+000
 -0.20375227E+002  0.00000000E+000
 -0.20352179E+002  0.00000000E+000
 -0.20329130E+002  0.00000000E+000
 -0.20306081E+002  0.00000000E+000
 -0.20283032E+002  0.00000000E+000
 -0.20259983E+002  0.00000000E+000
 -0.20236934E+002  0.00000000E+000
 -0.20213885E+002  0.00000000E+000
 -0.20190836E+002  0.00000000E+000
 -0.20167787E+002  0.00000000E+000
 -0.20144738E+002  0.00000000E+000
 -0.20121690E+002  0.00000000E+000
 -0.20098641E+002  0.00000000E+000
 -0.20075592E+002  0.00000000E+000
 -0.20052543E+002  0.00000000E+000
 -0.20029494E+002  0.00000000E+000
 -0.20006445E+002  0.00000000E+000
 -0.19983396E+002  0.00000000E+000
 -0.19960347E+002  0.00000000E+000
 -0.19937298E+002  0.00000000E+000
 -0.19914249E+002  0.00000000E+000
 -0.19891201E+002  0.00000000E+000
 -0.19868152E+002  0.00000000E+000
 -0.19845103E+002  0.00000000E+000
 -0.19822054E+002  0.00000000E+000
 -0.19799005E+002  0.00000000E+000
 -0.19775956E+002  0.00000000E+000
 -0.19752907E+002  0.00000000E+000
 -0.19729858E+002  0.00000000E+000
 -0.19706809E+002  0.00000000E+000
 -0.19683760E+002  0.00000000E+000
 -0.19660712E+002  0.00000000E+000
 -0.19637663E+002  0.00000000E+000
 -0.19614614E+002  0.00000000E+000
 -0.19591565E+002  0.00000000E+000
 -0.19568516E+002  0.00000000E+000
 -0.19545467E+002  0.00000000E+000
 -0.19522418E+002  0.00000000E+000
 -0.19499369E+002  0.00000000E+000
 -0.19476320E+002  0.00000000E+000
 -0.19453271E+002  0.00000000E+000
 -0.19430223E+002  0.00000000E+000
 -0.19407174E+002  0.00000000E+000
 -0.19384125E+002  0.00000000E+000
 -0.19361076E+002  0.00000000E+000
 -0.19338027E+002  0.00000000E+000
 -0.19314978E+002  0.00000000E+000
 -0.19291929E+002  0.00000000E+000
 -0.19268880E+002  0.00000000E+000
 -0.19245831E+002  0.00000000E+000
 -0.19222782E+002  0.00000000E+000
 -0.19199734E+002  0.00000000E+000
 -0.19176685E+002  0.00000000E+000
 -0.19153636E+002  0.00000000E+000
 -0.19130587E+002  0.00000000E+000
 -0.19107538E+002  0.00000000E+000
 -0.19084489E+002  0.00000000E+000
 -0.19061440E+002  0.00000000E+000
 -0.19038391E+002  0.00000000E+000
 -0.19015342E+002  0.00000000E+000
 -0.18992293E+002  0.00000000E+000
 -0.18969245E+002  0.00000000E+000
 -0.18946196E+002  0.00000000E+000
 -0.18923147E+002  0.00000000E+000
 -0.18900098E+002  0.00000000E+000
 -0.18877049E+002  0.00000000E+000
 -0.18854000E+002  0.00000000E+000
 -0.18830951E+002  0.00000000E+000
 -0.18807902E+002  0.00000000E+000
 -0.18784853E+002  0.00000000E+000
 -0.18761804E+002  0.00000000E+000
 -0.18738756E+002  0.00000000E+000
 -0.18715707E+002  0.00000000E+000
 -0.18692658E+002  0.00000000E+000
 -0.18669609E+002  0.00000000E+000
 -0.18646560E+002  0.00000000E+000
 -0.18623511E+002  0.00000000E+000
 -0.18600462E+002  0.00000000E+000
 -0.18577413E+002  0.00000000E+000
 -0.18554364E+002  0.00000000E+000
 -0.18531315E+002  0.00000000E+000
 -0.18508267E+002  0.00000000E+000
 -0.18485218E+002  0.00000000E+000
 -0.18462169E+002  0.00000000E+000
 -0.18439120E+002  0.00000000E+000
 -0.18416071E+002  0.00000000E+000
 -0.18393022E+002  0.00000000E+000
 -0.18369973E+002  0.00000000E+000
 -0.18346924E+002  0.00000000E+000
 -0.18323875E+002  0.00000000E+000
 -0.18300826E+002  0.00000000E+000
 -0.18277778E+002  0.00000000E+000
 -0.18254729E+002  0.00000000E+000
 -0.18231680E+002  0.00000000E+000
 -0.18208631E+002  0.00000000E+000
 -0.18185582E+002  0.00000000E+000
 -0.18162533E+002  0.00000000E+000
 -0.18139484E+002  0.00000000E+000
 -0.18116435E+002  0.00000000E+000
 -0.18093386E+002  0.00000000E+000
 -0.18070337E+002  0.00000000E+000
 -0.18047289E+002  0.00000000E+000
 -0.18024240E+002  0.00000000E+000
 -0.18001191E+002  0.00000000E+000
 -0.17978142E+002  0.00000000E+000
 -0.17955093E+002  0.00000000E+000
 -0.17932044E+002  0.00000000E+000
 -0.17908995E+002  0.00000000E+000
 -0.17885946E+002  0.00000000E+000
 -0.17862897E+002  0.00000000E+000
 -0.17839848E+002  0.00000000E+000
 -0.17816800E+002  0.00000000E+000
 -0.17793751E+002  0.00000000E+000
 -0.17770702E+002  0.00000000E+000
 -0.17747653E+002  0.00000000E+000
 -0.17724604E+002  0.00000000E+000
 -0.17701555E+002  0.00000000E+000
 -0.17678506E+002  0.00000000E+000
 -0.17655457E+002  0.00000000E+000
 -0.17632408E+002  0.00000000E+000
 -0.17609359E+002  0.00000000E+000
 -0.17586311E+002  0.00000000E+000
 -0.17563262E+002  0.00000000E+000
 -0.17540213E+002  0.00000000E+000
 -0.17517164E+002  0.00000000E+000
 -0.17494115E+002  0.00000000E+000
 -0.17471066E+002  0.00000000E+000
 -0.17448017E+002  0.00000000E+000
 -0.17424968E+002  0.00000000E+000
 -0.17401919E+002  0.00000000E+000
 -0.17378870E+002  0.00000000E+000
 -0.17355822E+002  0.00000000E+000
 -0.17332773E+002  0.00000000E+000
 -0.17309724E+002  0.00000000E+000
 -0.17286675E+002  0.00000000E+000
 -0.17263626E+002  0.00000000E+000
 -0.17240577E+002  0.00000000E+000
 -0.17217528E+002  0.00000000E+000
 -0.17194479E+002  0.00000000E+000
 -0.17171430E+002  0.00000000E+000
 -0.17148381E+002  0.00000000E+000
 -0.17125333E+002  0.00000000E+000
 -0.17102284E+002  0.00000000E+000
 -0.17079235E+002  0.00000000E+000
 -0.17056186E+002  0.00000000E+000
 -0.17033137E+002  0.00000000E+000
 -0.17010088E+002  0.00000000E+000
 -0.16987039E+002  0.00000000E+000
 -0.16963990E+002  0.00000000E+000
 -0.16940941E+002  0.00000000E+000
 -0.16917892E+002  0.00000000E+000
 -0.16894844E+002  0.00000000E+000
 -0.16871795E+002  0.00000000E+000
 -0.16848746E+002  0.00000000E+000
 -0.16825697E+002  0.00000000E+000
 -0.16802648E+002  0.00000000E+000
 -0.16779599E+002  0.00000000E+000
 -0.16756550E+002  0.00000000E+000
 -0.16733501E+002  0.00000000E+000
 -0.16710452E+002  0.00000000E+000
 -0.16687403E+002  0.00000000E+000
 -0.16664355E+002  0.00000000E+000
 -0.16641306E+002  0.00000000E+000
 -0.16618257E+002  0.00000000E+000
 -0.16595208E+002  0.00000000E+000
 -0.16572159E+002  0.00000000E+000
 -0.16549110E+002  0.00000000E+000
 -0.16526061E+002  0.00000000E+000
 -0.16503012E+002  0.00000000E+000
 -0.16479963E+002  0.00000000E+000
 -0.16456914E+002  0.00000000E+000
 -0.16433866E+002  0.00000000E+000
 -0.16410817E+002  0.00000000E+000
 -0.16387768E+002  0.00000000E+000
 -0.16364719E+002  0.00000000E+000
 -0.16341670E+002  0.00000000E+000
 -0.16318621E+002  0.00000000E+000
 -0.16295572E+002  0.00000000E+000
 -0.16272523E+002  0.00000000E+000
 -0.16249474E+002  0.00000000E+000
 -0.16226425E+002  0.00000000E+000
 -0.16203377E+002  0.00000000E+000
 -0.16180328E+002  0.00000000E+000
 -0.16157279E+002  0.00000000E+000
 -0.16134230E+002  0.00000000E+000
 -0.16111181E+002  0.00000000E+000
 -0.16088132E+002  0.00000000E+000
 -0.16065083E+002  0.00000000E+000
 -0.16042034E+002  0.00000000E+000
 -0.16018985E+002  0.00000000E+000
 -0.15995936E+002  0.00000000E+000
 -0.15972888E+002  0.00000000E+000
 -0.15949839E+002  0.00000000E+000
 -0.15926790E+002  0.00000000E+000
 -0.15903741E+002  0.00000000E+000
 -0.15880692E+002  0.00000000E+000
 -0.15857643E+002  0.00000000E+000
 -0.15834594E+002  0.00000000E+000
 -0.15811545E+002  0.00000000E+000
 -0.15788496E+002  0.00000000E+000
 -0.15765447E+002  0.00000000E+000
 -0.15742399E+002  0.00000000E+000
 -0.15719350E+002  0.00000000E+000
 -0.15696301E+002  0.00000000E+000
 -0.15673252E+002  0.00000000E+000
 -0.15650203E+002  0.00000000E+000
 -0.15627154E+002  0.00000000E+000
 -0.15604105E+002  0.00000000E+000
 -0.15581056E+002  0.00000000E+000
 -0.15558007E+002  0.00000000E+000
 -0.15534958E+002  0.00000000E+000
 -0.15511910E+002  0.00000000E+000
 -0.15488861E+002  0.00000000E+000
 -0.15465812E+002  0.00000000E+000
 -0.15442763E+002  0.00000000E+000
 -0.15419714E+002  0.00000000E+000
 -0.15396665E+002  0.00000000E+000
 -0.15373616E+002  0.00000000E+000
 -0.15350567E+002  0.00000000E+000
 -0.15327518E+002  0.00000000E+000
 -0.15304469E+002  0.00000000E+000
 -0.15281421E+002  0.00000000E+000
 -0.15258372E+002  0.00000000E+000
 -0.15235323E+002  0.00000000E+000
 -0.15212274E+002  0.00000000E+000
 -0.15189225E+002  0.00000000E+000
 -0.15166176E+002  0.00000000E+000
 -0.15143127E+002  0.00000000E+000
 -0.15120078E+002  0.00000000E+000
 -0.15097029E+002  0.00000000E+000
 -0.15073980E+002  0.00000000E+000
 -0.15050932E+002  0.00000000E+000
 -0.15027883E+002  0.00000000E+000
 -0.15004834E+002  0.00000000E+000
 -0.14981785E+002  0.00000000E+000
 -0.14958736E+002  0.00000000E+000
 -0.14935687E+002  0.00000000E+000
 -0.14912638E+002  0.00000000E+000
 -0.14889589E+002  0.00000000E+000
 -0.14866540E+002  0.00000000E+000
 -0.14843491E+002  0.00000000E+000
 -0.14820443E+002  0.00000000E+000
 -0.14797394E+002  0.00000000E+000
 -0.14774345E+002  0.00000000E+000
 -0.14751296E+002  0.00000000E+000
 -0.14728247E+002  0.00000000E+000
 -0.14705198E+002  0.00000000E+000
 -0.14682149E+002  0.00000000E+000
 -0.14659100E+002  0.00000000E+000
 -0.14636051E+002  0.00000000E+000
 -0.14613002E+002  0.00000000E+000
 -0.14589954E+002  0.00000000E+000
 -0.14566905E+002  0.00000000E+000
 -0.14543856E+002  0.00000000E+000
 -0.14520807E+002  0.00000000E+000
 -0.14497758E+002  0.00000000E+000
 -0.14474709E+002  0.00000000E+000
 -0.14451660E+002  0.00000000E+000
 -0.14428611E+002  0.00000000E+000
 -0.14405562E+002  0.00000000E+000
 -0.14382513E+002  0.00000000E+000
 -0.14359465E+002  0.00000000E+000
 -0.14336416E+002  0.00000000E+000
 -0.14313367E+002  0.00000000E+000
 -0.14290318E+002  0.00000000E+000
 -0.14267269E+002  0.00000000E+000
 -0.14244220E+002  0.00000000E+000
 -0.14221171E+002  0.00000000E+000
 -0.14198122E+002  0.00000000E+000
 -0.14175073E+002  0.00000000E+000
 -0.14152024E+002  0.00000000E+000
 -0.14128976E+002  0.00000000E+000
 -0.14105927E+002  0.00000000E+000
 -0.14082878E+002  0.00000000E+000
 -0.14059829E+002  0.00000000E+000
 -0.14036780E+002  0.00000000E+000
 -0.14013731E+002  0.00000000E+000
 -0.13990682E+002  0.00000000E+000
 -0.13967633E+002  0.00000000E+000
 -0.13944584E+002  0.00000000E+000
 -0.13921535E+002  0.00000000E+000
 -0.13898487E+002  0.00000000E+000
 -0.13875438E+002  0.00000000E+000
 -0.13852389E+002  0.00000000E+000
 -0.13829340E+002  0.00000000E+000
 -0.13806291E+002  0.00000000E+000
 -0.13783242E+002  0.00000000E+000
 -0.13760193E+002  0.00000000E+000
 -0.13737144E+002  0.00000000E+000
 -0.13714095E+002  0.00000000E+000
 -0.13691046E+002  0.00000000E+000
 -0.13667998E+002  0.00000000E+000
 -0.13644949E+002  0.00000000E+000
 -0.13621900E+002  0.00000000E+000
 -0.13598851E+002  0.00000000E+000
 -0.13575802E+002  0.00000000E+000
 -0.13552753E+002  0.00000000E+000
 -0.13529704E+002  0.00000000E+000
 -0.13506655E+002  0.00000000E+000
 -0.13483606E+002  0.00000000E+000
 -0.13460558E+002  0.00000000E+000
 -0.13437509E+002  0.00000000E+000
 -0.13414460E+002  0.00000000E+000
 -0.13391411E+002  0.00000000E+000
 -0.13368362E+002  0.00000000E+000
 -0.13345313E+002  0.00000000E+000
 -0.13322264E+002  0.00000000E+000
 -0.13299215E+002  0.00000000E+000
 -0.13276166E+002  0.00000000E+000
 -0.13253117E+002  0.00000000E+000
 -0.13230069E+002  0.00000000E+000
 -0.13207020E+002  0.00000000E+000
 -0.13183971E+002  0.00000000E+000
 -0.13160922E+002  0.00000000E+000
 -0.13137873E+002  0.00000000E+000
 -0.13114824E+002  0.00000000E+000
 -0.13091775E+002  0.00000000E+000
 -0.13068726E+002  0.00000000E+000
 -0.13045677E+002  0.00000000E+000
 -0.13022628E+002  0.00000000E+000
 -0.12999580E+002  0.00000000E+000
 -0.12976531E+002  0.00000000E+000
 -0.12953482E+002  0.00000000E+000
 -0.12930433E+002  0.00000000E+000
 -0.12907384E+002  0.00000000E+000
 -0.12884335E+002  0.00000000E+000
 -0.12861286E+002  0.00000000E+000
 -0.12838237E+002  0.00000000E+000
 -0.12815188E+002  0.00000000E+000
 -0.12792139E+002  0.00000000E+000
 -0.12769091E+002  0.00000000E+000
 -0.12746042E+002  0.00000000E+000
 -0.12722993E+002  0.00000000E+000
 -0.12699944E+002  0.00000000E+000
 -0.12676895E+002  0.00000000E+000
 -0.12653846E+002  0.00000000E+000
 -0.12630797E+002  0.00000000E+000
 -0.12607748E+002  0.00000000E+000
 -0.12584699E+002  0.00000000E+000
 -0.12561650E+002  0.00000000E+000
 -0.12538602E+002  0.00000000E+000
 -0.12515553E+002  0.00000000E+000
 -0.12492504E+002  0.00000000E+000
 -0.12469455E+002  0.00000000E+000
 -0.12446406E+002  0.00000000E+000
 -0.12423357E+002  0.00000000E+000
 -0.12400308E+002  0.00000000E+000
 -0.12377259E+002  0.00000000E+000
 -0.12354210E+002  0.00000000E+000
 -0.12331161E+002  0.00000000E+000
 -0.12308113E+002  0.00000000E+000
 -0.12285064E+002  0.00000000E+000
 -0.12262015E+002  0.00000000E+000
 -0.12238966E+002  0.00000000E+000
 -0.12215917E+002  0.00000000E+000
 -0.12192868E+002  0.00000000E+000
 -0.12169819E+002  0.00000000E+000
 -0.12146770E+002  0.00000000E+000
 -0.12123721E+002  0.00000000E+000
 -0.12100672E+002  0.00000000E+000
 -0.12077624E+002  0.00000000E+000
 -0.12054575E+002  0.00000000E+000
 -0.12031526E+002  0.00000000E+000
 -0.12008477E+002  0.00000000E+000
 -0.11985428E+002  0.00000000E+000
 -0.11962379E+002  0.00000000E+000
 -0.11939330E+002  0.00000000E+000
 -0.11916281E+002  0.00000000E+000
 -0.11893232E+002  0.00000000E+000
 -0.11870183E+002  0.00000000E+000
 -0.11847135E+002  0.00000000E+000
 -0.11824086E+002  0.00000000E+000
 -0.11801037E+002  0.00000000E+000
 -0.11777988E+002  0.00000000E+000
 -0.11754939E+002  0.00000000E+000
 -0.11731890E+002  0.00000000E+000
 -0.11708841E+002  0.00000000E+000
 -0.11685792E+002  0.00000000E+000
 -0.11662743E+002  0.00000000E+000
 -0.11639694E+002  0.00000000E+000
 -0.11616646E+002  0.00000000E+000
 -0.11593597E+002  0.00000000E+000
 -0.11570548E+002  0.00000000E+000
 -0.11547499E+002  0.00000000E+000
 -0.11524450E+002  0.00000000E+000
 -0.11501401E+002  0.00000000E+000
 -0.11478352E+002  0.00000000E+000
 -0.11455303E+002  0.00000000E+000
 -0.11432254E+002  0.00000000E+000
 -0.11409205E+002  0.00000000E+000
 -0.11386157E+002  0.00000000E+000
 -0.11363108E+002  0.00000000E+000
 -0.11340059E+002  0.00000000E+000
 -0.11317010E+002  0.00000000E+000
 -0.11293961E+002  0.00000000E+000
 -0.11270912E+002  0.00000000E+000
 -0.11247863E+002  0.00000000E+000
 -0.11224814E+002  0.00000000E+000
 -0.11201765E+002  0.00000000E+000
 -0.11178716E+002  0.00000000E+000
 -0.11155668E+002  0.00000000E+000
 -0.11132619E+002  0.00000000E+000
 -0.11109570E+002  0.00000000E+000
 -0.11086521E+002  0.00000000E+000
 -0.11063472E+002  0.00000000E+000
 -0.11040423E+002  0.00000000E+000
 -0.11017374E+002  0.00000000E+000
 -0.10994325E+002  0.00000000E+000
 -0.10971276E+002  0.00000000E+000
 -0.10948227E+002  0.00000000E+000
 -0.10925179E+002  0.00000000E+000
 -0.10902130E+002  0.00000000E+000
 -0.10879081E+002  0.00000000E+000
 -0.10856032E+002  0.00000000E+000
 -0.10832983E+002  0.00000000E+000
 -0.10809934E+002  0.00000000E+000
 -0.10786885E+002  0.00000000E+000
 -0.10763836E+002  0.00000000E+000
 -0.10740787E+002  0.00000000E+000
 -0.10717738E+002  0.00000000E+000
 -0.10694690E+002  0.00000000E+000
 -0.10671641E+002  0.00000000E+000
 -0.10648592E+002  0.00000000E+000
 -0.10625543E+002  0.00000000E+000
 -0.10602494E+002  0.00000000E+000
 -0.10579445E+002  0.00000000E+000
 -0.10556396E+002  0.00000000E+000
 -0.10533347E+002  0.00000000E+000
 -0.10510298E+002  0.00000000E+000
 -0.10487249E+002  0.00000000E+000
 -0.10464201E+002  0.00000000E+000
 -0.10441152E+002  0.00000000E+000
 -0.10418103E+002  0.00000000E+000
 -0.10395054E+002  0.00000000E+000
 -0.10372005E+002  0.00000000E+000
 -0.10348956E+002  0.00000000E+000
 -0.10325907E+002  0.00000000E+000
 -0.10302858E+002  0.00000000E+000
 -0.10279809E+002  0.00000000E+000
 -0.10256760E+002  0.00000000E+000
 -0.10233712E+002  0.00000000E+000
 -0.10210663E+002  0.00000000E+000
 -0.10187614E+002  0.00000000E+000
 -0.10164565E+002  0.00000000E+000
 -0.10141516E+002  0.00000000E+000
 -0.10118467E+002  0.00000000E+000
 -0.10095418E+002  0.00000000E+000
 -0.10072369E+002  0.00000000E+000
 -0.10049320E+002  0.00000000E+000
 -0.10026271E+002  0.00000000E+000
 -0.10003223E+002  0.00000000E+000
 -0.99801736E+001  0.00000000E+000
 -0.99571247E+001  0.00000000E+000
 -0.99340758E+001  0.00000000E+000
 -0.99110269E+001  0.00000000E+000
 -0.98879780E+001  0.00000000E+000
 -0.98649291E+001  0.00000000E+000
 -0.98418802E+001  0.00000000E+000
 -0.98188313E+001  0.00000000E+000
 -0.97957824E+001  0.00000000E+000
 -0.97727335E+001  0.00000000E+000
 -0.97496846E+001  0.00000000E+000
 -0.97266357E+001  0.00000000E+000
 -0.97035868E+001  0.00000000E+000
 -0.96805379E+001  0.00000000E+000
 -0.96574890E+001  0.00000000E+000
 -0.96344401E+001  0.00000000E+000
 -0.96113912E+001  0.00000000E+000
 -0.95883423E+001  0.00000000E+000
 -0.95652934E+001  0.00000000E+000
 -0.95422445E+001  0.00000000E+000
 -0.95191956E+001  0.00000000E+000
 -0.94961467E+001  0.00000000E+000
 -0.94730978E+001  0.00000000E+000
 -0.94500489E+001  0.00000000E+000
 -0.94270000E+001  0.00000000E+000
 -0.94039511E+001  0.00000000E+000
 -0.93809022E+001  0.00000000E+000
 -0.93578533E+001  0.00000000E+000
 -0.93348044E+001  0.00000000E+000
 -0.93117555E+001  0.00000000E+000
 -0.92887066E+001  0.00000000E+000
 -0.92656577E+001  0.00000000E+000
 -0.92426088E+001  0.00000000E+000
 -0.92195599E+001  0.00000000E+000
 -0.91965110E+001  0.00000000E+000
 -0.91734621E+001  0.00000000E+000
 -0.91504132E+001  0.00000000E+000
 -0.91273643E+001  0.00000000E+000
 -0.91043154E+001  0.00000000E+000
 -0.90812665E+001  0.00000000E+000
 -0.90582176E+001  0.00000000E+000
 -0.90351687E+001  0.00000000E+000
 -0.90121198E+001  0.00000000E+000
 -0.89890709E+001  0.00000000E+000
 -0.89660220E+001  0.00000000E+000
 -0.89429731E+001  0.00000000E+000
 -0.89199242E+001  0.00000000E+000
 -0.88968753E+001  0.00000000E+000
 -0.88738264E+001  0.00000000E+000
 -0.88507775E+001  0.00000000E+000
 -0.88277286E+001  0.00000000E+000
 -0.88046797E+001  0.00000000E+000
 -0.87816308E+001  0.00000000E+000
 -0.87585819E+001  0.00000000E+000
 -0.87355330E+001  0.00000000E+000
 -0.87124841E+001  0.00000000E+000
 -0.86894352E+001  0.00000000E+000
 -0.86663863E+001  0.00000000E+000
 -0.86433374E+001  0.00000000E+000
 -0.86202885E+001  0.30176563E-314
 -0.85972396E+001  0.11956924E-303
 -0.85741907E+001  0.24493955E-293
 -0.85511418E+001  0.26369147E-283
 -0.85280929E+001  0.15159253E-273
 -0.85050440E+001  0.47270828E-264
 -0.84819951E+001  0.81185214E-255
 -0.84589462E+001  0.77949359E-246
 -0.84358973E+001  0.42455675E-237
 -0.84128484E+001  0.13305698E-228
 -0.83897995E+001  0.24331443E-220
 -0.83667506E+001  0.26317066E-212
 -0.83437017E+001  0.17061690E-204
 -0.83206528E+001  0.67168321E-197
 -0.82976039E+001  0.16262151E-189
 -0.82745550E+001  0.24515947E-182
 -0.82515061E+001  0.23293692E-175
 -0.82284572E+001  0.14115200E-168
 -0.82054083E+001  0.55184338E-162
 -0.81823594E+001  0.14077615E-155
 -0.81593105E+001  0.23692834E-149
 -0.81362616E+001  0.26592432E-143
 -0.81132127E+001  0.20115050E-137
 -0.80901638E+001  0.10360193E-131
 -0.80671149E+001  0.36699028E-126
 -0.80440660E+001  0.90288914E-121
 -0.80210171E+001  0.15576108E-115
 -0.79979682E+001  0.19018645E-110
 -0.79749193E+001  0.16586261E-105
 -0.79518704E+001  0.10423628E-100
 -0.79288215E+001  0.47615108E-096
 -0.79057726E+001  0.15943180E-091
 -0.78827237E+001  0.39451016E-087
 -0.78596748E+001  0.72709594E-083
 -0.78366259E+001  0.10058768E-078
 -0.78135770E+001  0.10512316E-074
 -0.77905281E+001  0.83994441E-071
 -0.77674792E+001  0.51674930E-067
 -0.77444303E+001  0.24590131E-063
 -0.77213814E+001  0.91189472E-060
 -0.76983325E+001  0.26529484E-056
 -0.76752836E+001  0.60955145E-053
 -0.76522347E+001  0.11132585E-049
 -0.76291858E+001  0.16263989E-046
 -0.76061369E+001  0.19123785E-043
 -0.75830880E+001  0.18206947E-040
 -0.75600391E+001  0.14117133E-037
 -0.75369902E+001  0.89651151E-035
 -0.75139413E+001  0.46884835E-032
 -0.74908924E+001  0.20297063E-029
 -0.74678435E+001  0.73089586E-027
 -0.74447946E+001  0.21985360E-024
 -0.74217457E+001  0.55415668E-022
 -0.73986968E+001  0.11718102E-019
 -0.73756479E+001  0.20738462E-017
 -0.73525990E+001  0.30466572E-015
 -0.73295501E+001  0.36538509E-013
 -0.73065012E+001  0.34822051E-011
 -0.72834523E+001  0.25424280E-009
 -0.72604034E+001  0.13631574E-007
 -0.72373545E+001  0.51475020E-006
 -0.72143056E+001  0.13225726E-004
 -0.71912567E+001  0.22618971E-003
 -0.71682078E+001  0.25575193E-002
 -0.71451589E+001  0.19283329E-001
 -0.71221100E+001  0.99115738E-001
 -0.70990611E+001  0.35874825E+000
 -0.70760122E+001  0.95090191E+000
 -0.70529633E+001  0.19255187E+001
 -0.70299144E+001  0.31073317E+001
 -0.70068655E+001  0.41588392E+001
 -0.69838166E+001  0.47851344E+001
 -0.69607677E+001  0.48829292E+001
 -0.69377188E+001  0.45365342E+001
 -0.69146699E+001  0.39211649E+001
 -0.68916210E+001  0.32091786E+001
 -0.68685721E+001  0.25227339E+001
 -0.68455232E+001  0.19273787E+001
 -0.68224743E+001  0.14455361E+001
 -0.67994254E+001  0.10737425E+001
 -0.67763765E+001  0.79631919E+000
 -0.67533277E+001  0.59400556E+000
 -0.67302788E+001  0.44852483E+000
 -0.67072299E+001  0.34452287E+000
 -0.66841810E+001  0.27003193E+000
 -0.66611321E+001  0.21620208E+000
 -0.66380832E+001  0.17673519E+000
 -0.66150343E+001  0.14726566E+000
 -0.65919854E+001  0.12481282E+000
 -0.65689365E+001  0.10735175E+000
 -0.65458876E+001  0.93502275E-001
 -0.65228387E+001  0.82314752E-001
 -0.64997898E+001  0.73126806E-001
 -0.64767409E+001  0.65468976E-001
 -0.64536920E+001  0.59002766E-001
 -0.64306431E+001  0.53479820E-001
 -0.64075942E+001  0.48714783E-001
 -0.63845453E+001  0.44567047E-001
 -0.63614964E+001  0.40928290E-001
 -0.63384475E+001  0.37713864E-001
 -0.63153986E+001  0.34856737E-001
 -0.62923497E+001  0.32303180E-001
 -0.62693008E+001  0.30009640E-001
 -0.62462519E+001  0.27940453E-001
 -0.62232030E+001  0.26066138E-001
 -0.62001541E+001  0.24362117E-001
 -0.61771052E+001  0.22807739E-001
 -0.61540563E+001  0.21385524E-001
 -0.61310074E+001  0.20080578E-001
 -0.61079585E+001  0.18880134E-001
 -0.60849096E+001  0.17773186E-001
 -0.60618607E+001  0.16750192E-001
 -0.60388118E+001  0.15802843E-001
 -0.60157629E+001  0.14923870E-001
 -0.59927140E+001  0.14106883E-001
 -0.59696651E+001  0.13346247E-001
 -0.59466162E+001  0.12636972E-001
 -0.59235673E+001  0.11974623E-001
 -0.59005184E+001  0.11355245E-001
 -0.58774695E+001  0.10775304E-001
 -0.58544206E+001  0.10231626E-001
 -0.58313717E+001  0.97213589E-002
 -0.58083228E+001  0.92419300E-002
 -0.57852739E+001  0.87910129E-002
 -0.57622250E+001  0.83664996E-002
 -0.57391761E+001  0.79664753E-002
 -0.57161272E+001  0.75891972E-002
 -0.56930783E+001  0.72330759E-002
 -0.56700294E+001  0.68966587E-002
 -0.56469805E+001  0.65786160E-002
 -0.56239316E+001  0.62777281E-002
 -0.56008827E+001  0.59928745E-002
 -0.55778338E+001  0.57230242E-002
 -0.55547849E+001  0.54672273E-002
 -0.55317360E+001  0.52246068E-002
 -0.55086871E+001  0.49943522E-002
 -0.54856382E+001  0.47757136E-002
 -0.54625893E+001  0.45679958E-002
 -0.54395404E+001  0.43705540E-002
 -0.54164915E+001  0.41827892E-002
 -0.53934426E+001  0.40041440E-002
 -0.53703937E+001  0.38340999E-002
 -0.53473448E+001  0.36721734E-002
 -0.53242959E+001  0.35179132E-002
 -0.53012470E+001  0.33708983E-002
 -0.52781981E+001  0.32307347E-002
 -0.52551492E+001  0.30970540E-002
 -0.52321003E+001  0.29695111E-002
 -0.52090514E+001  0.28477826E-002
 -0.51860025E+001  0.27315651E-002
 -0.51629536E+001  0.26205738E-002
 -0.51399047E+001  0.25145410E-002
 -0.51168558E+001  0.24132152E-002
 -0.50938069E+001  0.23163596E-002
 -0.50707580E+001  0.22237514E-002
 -0.50477091E+001  0.21351805E-002
 -0.50246602E+001  0.20504490E-002
 -0.50016113E+001  0.19693701E-002
 -0.49785624E+001  0.18917674E-002
 -0.49555135E+001  0.18174744E-002
 -0.49324646E+001  0.17463338E-002
 -0.49094157E+001  0.16781968E-002
 -0.48863668E+001  0.16129226E-002
 -0.48633179E+001  0.15503778E-002
 -0.48402690E+001  0.14904364E-002
 -0.48172201E+001  0.14329788E-002
 -0.47941712E+001  0.13778915E-002
 -0.47711223E+001  0.13250671E-002
 -0.47480734E+001  0.12744036E-002
 -0.47250245E+001  0.12258042E-002
 -0.47019756E+001  0.11791769E-002
 -0.46789267E+001  0.11344344E-002
 -0.46558778E+001  0.10914937E-002
 -0.46328289E+001  0.10502758E-002
 -0.46097800E+001  0.10107056E-002
 -0.45867311E+001  0.97271187E-003
 -0.45636822E+001  0.93622647E-003
 -0.45406333E+001  0.90118472E-003
 -0.45175844E+001  0.86752497E-003
 -0.44945355E+001  0.83518848E-003
 -0.44714866E+001  0.80411928E-003
 -0.44484377E+001  0.77426400E-003
 -0.44253888E+001  0.74557175E-003
 -0.44023399E+001  0.71799397E-003
 -0.43792910E+001  0.69148435E-003
 -0.43562421E+001  0.66599867E-003
 -0.43331932E+001  0.64149471E-003
 -0.43101443E+001  0.61793217E-003
 -0.42870954E+001  0.59527254E-003
 -0.42640465E+001  0.57347902E-003
 -0.42409976E+001  0.55251645E-003
 -0.42179487E+001  0.53235123E-003
 -0.41948998E+001  0.51295122E-003
 -0.41718509E+001  0.49428567E-003
 -0.41488020E+001  0.47632520E-003
 -0.41257531E+001  0.45904167E-003
 -0.41027042E+001  0.44240816E-003
 -0.40796553E+001  0.42639891E-003
 -0.40566064E+001  0.41098925E-003
 -0.40335575E+001  0.39615556E-003
 -0.40105086E+001  0.38187522E-003
 -0.39874597E+001  0.36812656E-003
 -0.39644108E+001  0.35488881E-003
 -0.39413619E+001  0.34214209E-003
 -0.39183130E+001  0.32986732E-003
 -0.38952641E+001  0.31804622E-003
 -0.38722152E+001  0.30666128E-003
 -0.38491663E+001  0.29569569E-003
 -0.38261174E+001  0.28513333E-003
 -0.38030685E+001  0.27495875E-003
 -0.37800196E+001  0.26515711E-003
 -0.37569707E+001  0.25571420E-003
 -0.37339218E+001  0.24661635E-003
 -0.37108729E+001  0.23785045E-003
 -0.36878240E+001  0.22940394E-003
 -0.36647751E+001  0.22126474E-003
 -0.36417262E+001  0.21342125E-003
 -0.36186773E+001  0.20586234E-003
 -0.35956284E+001  0.19857731E-003
 -0.35725795E+001  0.19155590E-003
 -0.35495306E+001  0.18478825E-003
 -0.35264817E+001  0.17826486E-003
 -0.35034328E+001  0.17197664E-003
 -0.34803839E+001  0.16591484E-003
 -0.34573350E+001  0.16007104E-003
 -0.34342861E+001  0.15443717E-003
 -0.34112372E+001  0.14900544E-003
 -0.33881883E+001  0.14376840E-003
 -0.33651394E+001  0.13871886E-003
 -0.33420905E+001  0.13384991E-003
 -0.33190416E+001  0.12915491E-003
 -0.32959927E+001  0.12462748E-003
 -0.32729438E+001  0.12026148E-003
 -0.32498949E+001  0.11605099E-003
 -0.32268460E+001  0.11199033E-003
 -0.32037971E+001  0.10807403E-003
 -0.31807482E+001  0.10429683E-003
 -0.31576993E+001  0.10065368E-003
 -0.31346504E+001  0.97139688E-004
 -0.31116015E+001  0.93750177E-004
 -0.30885526E+001  0.90480633E-004
 -0.30655037E+001  0.87326710E-004
 -0.30424548E+001  0.84284230E-004
 -0.30194059E+001  0.81349167E-004
 -0.29963570E+001  0.78517645E-004
 -0.29733081E+001  0.75785935E-004
 -0.29502592E+001  0.73150444E-004
 -0.29272103E+001  0.70607712E-004
 -0.29041614E+001  0.68154410E-004
 -0.28811125E+001  0.65787328E-004
 -0.28580636E+001  0.63503377E-004
 -0.28350147E+001  0.61299581E-004
 -0.28119658E+001  0.59173073E-004
 -0.27889169E+001  0.57121093E-004
 -0.27658680E+001  0.55140978E-004
 -0.27428191E+001  0.53230168E-004
 -0.27197702E+001  0.51386193E-004
 -0.26967213E+001  0.49606673E-004
 -0.26736724E+001  0.47889316E-004
 -0.26506235E+001  0.46231912E-004
 -0.26275746E+001  0.44632334E-004
 -0.26045257E+001  0.43088529E-004
 -0.25814768E+001  0.41598521E-004
 -0.25584279E+001  0.40160403E-004
 -0.25353790E+001  0.38772338E-004
 -0.25123301E+001  0.37432557E-004
 -0.24892812E+001  0.36139352E-004
 -0.24662323E+001  0.34891077E-004
 -0.24431834E+001  0.33686148E-004
 -0.24201345E+001  0.32523034E-004
 -0.23970856E+001  0.31400261E-004
 -0.23740367E+001  0.30316407E-004
 -0.23509878E+001  0.29270103E-004
 -0.23279389E+001  0.28260026E-004
 -0.23048900E+001  0.27284901E-004
 -0.22818411E+001  0.26343501E-004
 -0.22587922E+001  0.25434638E-004
 -0.22357433E+001  0.24557171E-004
 -0.22126944E+001  0.23709997E-004
 -0.21896455E+001  0.22892052E-004
 -0.21665966E+001  0.22102311E-004
 -0.21435477E+001  0.21339785E-004
 -0.21204988E+001  0.20603519E-004
 -0.20974499E+001  0.19892592E-004
 -0.20744010E+001  0.19206118E-004
 -0.20513521E+001  0.18543239E-004
 -0.20283032E+001  0.17903128E-004
 -0.20052543E+001  0.17284988E-004
 -0.19822054E+001  0.16688051E-004
 -0.19591565E+001  0.16111572E-004
 -0.19361076E+001  0.15554838E-004
 -0.19130587E+001  0.15017155E-004
 -0.18900098E+001  0.14497858E-004
 -0.18669609E+001  0.13996302E-004
 -0.18439120E+001  0.13511867E-004
 -0.18208631E+001  0.13043954E-004
 -0.17978142E+001  0.12591984E-004
 -0.17747653E+001  0.12155398E-004
 -0.17517164E+001  0.11733658E-004
 -0.17286675E+001  0.11326245E-004
 -0.17056186E+001  0.10932655E-004
 -0.16825697E+001  0.10552406E-004
 -0.16595208E+001  0.10185028E-004
 -0.16364719E+001  0.98300719E-005
 -0.16134230E+001  0.94871006E-005
 -0.15903741E+001  0.91556942E-005
 -0.15673252E+001  0.88354467E-005
 -0.15442763E+001  0.85259663E-005
 -0.15212274E+001  0.82268750E-005
 -0.14981785E+001  0.79378078E-005
 -0.14751296E+001  0.76584123E-005
 -0.14520807E+001  0.73883486E-005
 -0.14290318E+001  0.71272885E-005
 -0.14059829E+001  0.68749155E-005
 -0.13829340E+001  0.66309238E-005
 -0.13598851E+001  0.63950186E-005
 -0.13368362E+001  0.61669156E-005
 -0.13137873E+001  0.59463403E-005
 -0.12907384E+001  0.57330280E-005
 -0.12676895E+001  0.55267235E-005
 -0.12446406E+001  0.53271808E-005
 -0.12215917E+001  0.51341627E-005
 -0.11985428E+001  0.49474407E-005
 -0.11754939E+001  0.47667944E-005
 -0.11524450E+001  0.45920120E-005
 -0.11293961E+001  0.44228893E-005
 -0.11063472E+001  0.42592299E-005
 -0.10832983E+001  0.41008449E-005
 -0.10602494E+001  0.39475527E-005
 -0.10372005E+001  0.37991788E-005
 -0.10141516E+001  0.36555559E-005
 -0.99110269E+000  0.35165231E-005
 -0.96805379E+000  0.33819265E-005
 -0.94500489E+000  0.32516184E-005
 -0.92195599E+000  0.31254576E-005
 -0.89890709E+000  0.30033090E-005
 -0.87585819E+000  0.28850436E-005
 -0.85280929E+000  0.27705380E-005
 -0.82976039E+000  0.26596749E-005
 -0.80671149E+000  0.25523423E-005
 -0.78366259E+000  0.24484336E-005
 -0.76061369E+000  0.23478477E-005
 -0.73756479E+000  0.22504882E-005
 -0.71451589E+000  0.21562638E-005
 -0.69146699E+000  0.20650878E-005
 -0.66841810E+000  0.19768779E-005
 -0.64536920E+000  0.18915561E-005
 -0.62232030E+000  0.18090485E-005
 -0.59927140E+000  0.17292847E-005
 -0.57622250E+000  0.16521981E-005
 -0.55317360E+000  0.15777250E-005
 -0.53012470E+000  0.15058051E-005
 -0.50707580E+000  0.14363804E-005
 -0.48402690E+000  0.13693955E-005
 -0.46097800E+000  0.13047969E-005
 -0.43792910E+000  0.12425330E-005
 -0.41488020E+000  0.11825538E-005
 -0.39183130E+000  0.11248104E-005
 -0.36878240E+000  0.10692549E-005
 -0.34573350E+000  0.10158401E-005
 -0.32268460E+000  0.96451937E-006
 -0.29963570E+000  0.91524620E-006
 -0.27658680E+000  0.86797420E-006
 -0.25353790E+000  0.82265691E-006
 -0.23048900E+000  0.77924758E-006
 -0.20744010E+000  0.73769917E-006
 -0.18439120E+000  0.69796417E-006
 -0.16134230E+000  0.65999463E-006
 -0.13829340E+000  0.62374208E-006
 -0.11524450E+000  0.58915757E-006
 -0.92195599E-001  0.55619172E-006
 -0.69146699E-001  0.52479469E-006
 -0.46097800E-001  0.49491636E-006
 -0.23048900E-001  0.46650633E-006
  0.00000000E+000  0.43951408E-006
