  -0.23025851E+02   0.99972472E+00
  -0.23002802E+02   0.99973407E+00
  -0.22979753E+02   0.99974310E+00
  -0.22956704E+02   0.99975183E+00
  -0.22933655E+02   0.99976026E+00
  -0.22910606E+02   0.99976840E+00
  -0.22887558E+02   0.99977627E+00
  -0.22864509E+02   0.99978387E+00
  -0.22841460E+02   0.99979121E+00
  -0.22818411E+02   0.99979830E+00
  -0.22795362E+02   0.99980515E+00
  -0.22772313E+02   0.99981177E+00
  -0.22749264E+02   0.99981817E+00
  -0.22726215E+02   0.99982434E+00
  -0.22703166E+02   0.99983031E+00
  -0.22680117E+02   0.99983607E+00
  -0.22657069E+02   0.99984164E+00
  -0.22634020E+02   0.99984702E+00
  -0.22610971E+02   0.99985222E+00
  -0.22587922E+02   0.99985724E+00
  -0.22564873E+02   0.99986209E+00
  -0.22541824E+02   0.99986678E+00
  -0.22518775E+02   0.99987130E+00
  -0.22495726E+02   0.99987567E+00
  -0.22472677E+02   0.99987990E+00
  -0.22449628E+02   0.99988398E+00
  -0.22426580E+02   0.99988792E+00
  -0.22403531E+02   0.99989173E+00
  -0.22380482E+02   0.99989541E+00
  -0.22357433E+02   0.99989896E+00
  -0.22334384E+02   0.99990239E+00
  -0.22311335E+02   0.99990571E+00
  -0.22288286E+02   0.99990891E+00
  -0.22265237E+02   0.99991201E+00
  -0.22242188E+02   0.99991500E+00
  -0.22219139E+02   0.99991789E+00
  -0.22196091E+02   0.99992068E+00
  -0.22173042E+02   0.99992337E+00
  -0.22149993E+02   0.99992597E+00
  -0.22126944E+02   0.99992849E+00
  -0.22103895E+02   0.99993092E+00
  -0.22080846E+02   0.99993327E+00
  -0.22057797E+02   0.99993553E+00
  -0.22034748E+02   0.99993772E+00
  -0.22011699E+02   0.99993984E+00
  -0.21988650E+02   0.99994188E+00
  -0.21965602E+02   0.99994386E+00
  -0.21942553E+02   0.99994577E+00
  -0.21919504E+02   0.99994761E+00
  -0.21896455E+02   0.99994939E+00
  -0.21873406E+02   0.99995111E+00
  -0.21850357E+02   0.99995277E+00
  -0.21827308E+02   0.99995438E+00
  -0.21804259E+02   0.99995593E+00
  -0.21781210E+02   0.99995742E+00
  -0.21758161E+02   0.99995887E+00
  -0.21735113E+02   0.99996027E+00
  -0.21712064E+02   0.99996162E+00
  -0.21689015E+02   0.99996292E+00
  -0.21665966E+02   0.99996418E+00
  -0.21642917E+02   0.99996540E+00
  -0.21619868E+02   0.99996657E+00
  -0.21596819E+02   0.99996771E+00
  -0.21573770E+02   0.99996881E+00
  -0.21550721E+02   0.99996987E+00
  -0.21527672E+02   0.99997089E+00
  -0.21504624E+02   0.99997188E+00
  -0.21481575E+02   0.99997284E+00
  -0.21458526E+02   0.99997376E+00
  -0.21435477E+02   0.99997465E+00
  -0.21412428E+02   0.99997551E+00
  -0.21389379E+02   0.99997634E+00
  -0.21366330E+02   0.99997715E+00
  -0.21343281E+02   0.99997792E+00
  -0.21320232E+02   0.99997867E+00
  -0.21297183E+02   0.99997940E+00
  -0.21274135E+02   0.99998010E+00
  -0.21251086E+02   0.99998078E+00
  -0.21228037E+02   0.99998143E+00
  -0.21204988E+02   0.99998206E+00
  -0.21181939E+02   0.99998267E+00
  -0.21158890E+02   0.99998326E+00
  -0.21135841E+02   0.99998383E+00
  -0.21112792E+02   0.99998438E+00
  -0.21089743E+02   0.99998491E+00
  -0.21066694E+02   0.99998542E+00
  -0.21043646E+02   0.99998592E+00
  -0.21020597E+02   0.99998639E+00
  -0.20997548E+02   0.99998686E+00
  -0.20974499E+02   0.99998730E+00
  -0.20951450E+02   0.99998773E+00
  -0.20928401E+02   0.99998815E+00
  -0.20905352E+02   0.99998855E+00
  -0.20882303E+02   0.99998894E+00
  -0.20859254E+02   0.99998932E+00
  -0.20836205E+02   0.99998968E+00
  -0.20813157E+02   0.99999003E+00
  -0.20790108E+02   0.99999037E+00
  -0.20767059E+02   0.99999070E+00
  -0.20744010E+02   0.99999101E+00
  -0.20720961E+02   0.99999132E+00
  -0.20697912E+02   0.99999161E+00
  -0.20674863E+02   0.99999190E+00
  -0.20651814E+02   0.99999217E+00
  -0.20628765E+02   0.99999244E+00
  -0.20605716E+02   0.99999270E+00
  -0.20582668E+02   0.99999295E+00
  -0.20559619E+02   0.99999319E+00
  -0.20536570E+02   0.99999342E+00
  -0.20513521E+02   0.99999364E+00
  -0.20490472E+02   0.99999386E+00
  -0.20467423E+02   0.99999407E+00
  -0.20444374E+02   0.99999427E+00
  -0.20421325E+02   0.99999446E+00
  -0.20398276E+02   0.99999465E+00
  -0.20375227E+02   0.99999483E+00
  -0.20352179E+02   0.99999501E+00
  -0.20329130E+02   0.99999518E+00
  -0.20306081E+02   0.99999534E+00
  -0.20283032E+02   0.99999550E+00
  -0.20259983E+02   0.99999565E+00
  -0.20236934E+02   0.99999580E+00
  -0.20213885E+02   0.99999594E+00
  -0.20190836E+02   0.99999608E+00
  -0.20167787E+02   0.99999621E+00
  -0.20144738E+02   0.99999634E+00
  -0.20121690E+02   0.99999647E+00
  -0.20098641E+02   0.99999659E+00
  -0.20075592E+02   0.99999670E+00
  -0.20052543E+02   0.99999681E+00
  -0.20029494E+02   0.99999692E+00
  -0.20006445E+02   0.99999703E+00
  -0.19983396E+02   0.99999713E+00
  -0.19960347E+02   0.99999723E+00
  -0.19937298E+02   0.99999732E+00
  -0.19914249E+02   0.99999741E+00
  -0.19891201E+02   0.99999750E+00
  -0.19868152E+02   0.99999758E+00
  -0.19845103E+02   0.99999767E+00
  -0.19822054E+02   0.99999775E+00
  -0.19799005E+02   0.99999782E+00
  -0.19775956E+02   0.99999790E+00
  -0.19752907E+02   0.99999797E+00
  -0.19729858E+02   0.99999804E+00
  -0.19706809E+02   0.99999810E+00
  -0.19683760E+02   0.99999817E+00
  -0.19660712E+02   0.99999823E+00
  -0.19637663E+02   0.99999829E+00
  -0.19614614E+02   0.99999835E+00
  -0.19591565E+02   0.99999840E+00
  -0.19568516E+02   0.99999846E+00
  -0.19545467E+02   0.99999851E+00
  -0.19522418E+02   0.99999856E+00
  -0.19499369E+02   0.99999861E+00
  -0.19476320E+02   0.99999866E+00
  -0.19453271E+02   0.99999870E+00
  -0.19430223E+02   0.99999875E+00
  -0.19407174E+02   0.99999879E+00
  -0.19384125E+02   0.99999883E+00
  -0.19361076E+02   0.99999887E+00
  -0.19338027E+02   0.99999891E+00
  -0.19314978E+02   0.99999895E+00
  -0.19291929E+02   0.99999898E+00
  -0.19268880E+02   0.99999902E+00
  -0.19245831E+02   0.99999905E+00
  -0.19222782E+02   0.99999908E+00
  -0.19199734E+02   0.99999911E+00
  -0.19176685E+02   0.99999914E+00
  -0.19153636E+02   0.99999917E+00
  -0.19130587E+02   0.99999920E+00
  -0.19107538E+02   0.99999923E+00
  -0.19084489E+02   0.99999925E+00
  -0.19061440E+02   0.99999928E+00
  -0.19038391E+02   0.99999930E+00
  -0.19015342E+02   0.99999933E+00
  -0.18992293E+02   0.99999935E+00
  -0.18969245E+02   0.99999937E+00
  -0.18946196E+02   0.99999939E+00
  -0.18923147E+02   0.99999941E+00
  -0.18900098E+02   0.99999943E+00
  -0.18877049E+02   0.99999945E+00
  -0.18854000E+02   0.99999947E+00
  -0.18830951E+02   0.99999949E+00
  -0.18807902E+02   0.99999951E+00
  -0.18784853E+02   0.99999952E+00
  -0.18761804E+02   0.99999954E+00
  -0.18738756E+02   0.99999956E+00
  -0.18715707E+02   0.99999957E+00
  -0.18692658E+02   0.99999959E+00
  -0.18669609E+02   0.99999960E+00
  -0.18646560E+02   0.99999961E+00
  -0.18623511E+02   0.99999963E+00
  -0.18600462E+02   0.99999964E+00
  -0.18577413E+02   0.99999965E+00
  -0.18554364E+02   0.99999966E+00
  -0.18531315E+02   0.99999967E+00
  -0.18508267E+02   0.99999969E+00
  -0.18485218E+02   0.99999970E+00
  -0.18462169E+02   0.99999971E+00
  -0.18439120E+02   0.99999972E+00
  -0.18416071E+02   0.99999973E+00
  -0.18393022E+02   0.99999974E+00
  -0.18369973E+02   0.99999974E+00
  -0.18346924E+02   0.99999975E+00
  -0.18323875E+02   0.99999976E+00
  -0.18300826E+02   0.99999977E+00
  -0.18277778E+02   0.99999978E+00
  -0.18254729E+02   0.99999978E+00
  -0.18231680E+02   0.99999979E+00
  -0.18208631E+02   0.99999980E+00
  -0.18185582E+02   0.99999981E+00
  -0.18162533E+02   0.99999981E+00
  -0.18139484E+02   0.99999982E+00
  -0.18116435E+02   0.99999983E+00
  -0.18093386E+02   0.99999983E+00
  -0.18070337E+02   0.99999984E+00
  -0.18047289E+02   0.99999984E+00
  -0.18024240E+02   0.99999985E+00
  -0.18001191E+02   0.99999985E+00
  -0.17978142E+02   0.99999986E+00
  -0.17955093E+02   0.99999986E+00
  -0.17932044E+02   0.99999987E+00
  -0.17908995E+02   0.99999987E+00
  -0.17885946E+02   0.99999988E+00
  -0.17862897E+02   0.99999988E+00
  -0.17839848E+02   0.99999988E+00
  -0.17816800E+02   0.99999989E+00
  -0.17793751E+02   0.99999989E+00
  -0.17770702E+02   0.99999990E+00
  -0.17747653E+02   0.99999990E+00
  -0.17724604E+02   0.99999990E+00
  -0.17701555E+02   0.99999991E+00
  -0.17678506E+02   0.99999991E+00
  -0.17655457E+02   0.99999991E+00
  -0.17632408E+02   0.99999992E+00
  -0.17609359E+02   0.99999992E+00
  -0.17586311E+02   0.99999992E+00
  -0.17563262E+02   0.99999992E+00
  -0.17540213E+02   0.99999993E+00
  -0.17517164E+02   0.99999993E+00
  -0.17494115E+02   0.99999993E+00
  -0.17471066E+02   0.99999993E+00
  -0.17448017E+02   0.99999994E+00
  -0.17424968E+02   0.99999994E+00
  -0.17401919E+02   0.99999994E+00
  -0.17378870E+02   0.99999994E+00
  -0.17355822E+02   0.99999994E+00
  -0.17332773E+02   0.99999995E+00
  -0.17309724E+02   0.99999995E+00
  -0.17286675E+02   0.99999995E+00
  -0.17263626E+02   0.99999995E+00
  -0.17240577E+02   0.99999995E+00
  -0.17217528E+02   0.99999996E+00
  -0.17194479E+02   0.99999996E+00
  -0.17171430E+02   0.99999996E+00
  -0.17148381E+02   0.99999996E+00
  -0.17125333E+02   0.99999996E+00
  -0.17102284E+02   0.99999996E+00
  -0.17079235E+02   0.99999996E+00
  -0.17056186E+02   0.99999996E+00
  -0.17033137E+02   0.99999997E+00
  -0.17010088E+02   0.99999997E+00
  -0.16987039E+02   0.99999997E+00
  -0.16963990E+02   0.99999997E+00
  -0.16940941E+02   0.99999997E+00
  -0.16917892E+02   0.99999997E+00
  -0.16894844E+02   0.99999997E+00
  -0.16871795E+02   0.99999997E+00
  -0.16848746E+02   0.99999997E+00
  -0.16825697E+02   0.99999997E+00
  -0.16802648E+02   0.99999997E+00
  -0.16779599E+02   0.99999998E+00
  -0.16756550E+02   0.99999998E+00
  -0.16733501E+02   0.99999998E+00
  -0.16710452E+02   0.99999998E+00
  -0.16687403E+02   0.99999998E+00
  -0.16664355E+02   0.99999998E+00
  -0.16641306E+02   0.99999998E+00
  -0.16618257E+02   0.99999998E+00
  -0.16595208E+02   0.99999998E+00
  -0.16572159E+02   0.99999998E+00
  -0.16549110E+02   0.99999999E+00
  -0.16526061E+02   0.99999998E+00
  -0.16503012E+02   0.99999999E+00
  -0.16479963E+02   0.99999999E+00
  -0.16456914E+02   0.99999999E+00
  -0.16433866E+02   0.99999999E+00
  -0.16410817E+02   0.99999999E+00
  -0.16387768E+02   0.99999999E+00
  -0.16364719E+02   0.99999999E+00
  -0.16341670E+02   0.99999999E+00
  -0.16318621E+02   0.99999999E+00
  -0.16295572E+02   0.99999999E+00
  -0.16272523E+02   0.99999999E+00
  -0.16249474E+02   0.99999999E+00
  -0.16226425E+02   0.99999999E+00
  -0.16203377E+02   0.99999999E+00
  -0.16180328E+02   0.99999999E+00
  -0.16157279E+02   0.99999999E+00
  -0.16134230E+02   0.99999999E+00
  -0.16111181E+02   0.99999999E+00
  -0.16088132E+02   0.99999999E+00
  -0.16065083E+02   0.99999999E+00
  -0.16042034E+02   0.99999999E+00
  -0.16018985E+02   0.99999999E+00
  -0.15995936E+02   0.99999999E+00
  -0.15972888E+02   0.99999999E+00
  -0.15949839E+02   0.99999999E+00
  -0.15926790E+02   0.10000000E+01
  -0.15903741E+02   0.10000000E+01
  -0.15880692E+02   0.10000000E+01
  -0.15857643E+02   0.10000000E+01
  -0.15834594E+02   0.10000000E+01
  -0.15811545E+02   0.10000000E+01
  -0.15788496E+02   0.10000000E+01
  -0.15765447E+02   0.10000000E+01
  -0.15742399E+02   0.10000000E+01
  -0.15719350E+02   0.10000000E+01
  -0.15696301E+02   0.10000000E+01
  -0.15673252E+02   0.10000000E+01
  -0.15650203E+02   0.10000000E+01
  -0.15627154E+02   0.10000000E+01
  -0.15604105E+02   0.10000000E+01
  -0.15581056E+02   0.99999999E+00
  -0.15558007E+02   0.99999999E+00
  -0.15534958E+02   0.10000000E+01
  -0.15511910E+02   0.10000000E+01
  -0.15488861E+02   0.10000000E+01
  -0.15465812E+02   0.10000000E+01
  -0.15442763E+02   0.10000000E+01
  -0.15419714E+02   0.10000000E+01
  -0.15396665E+02   0.10000000E+01
  -0.15373616E+02   0.10000000E+01
  -0.15350567E+02   0.10000000E+01
  -0.15327518E+02   0.10000000E+01
  -0.15304469E+02   0.99999997E+00
  -0.15281421E+02   0.10000000E+01
  -0.15258372E+02   0.10000000E+01
  -0.15235323E+02   0.10000000E+01
  -0.15212274E+02   0.10000000E+01
  -0.15189225E+02   0.10000000E+01
  -0.15166176E+02   0.10000000E+01
  -0.15143127E+02   0.10000000E+01
  -0.15120078E+02   0.10000000E+01
  -0.15097029E+02   0.10000000E+01
  -0.15073980E+02   0.10000000E+01
  -0.15050932E+02   0.10000000E+01
  -0.15027883E+02   0.10000000E+01
  -0.15004834E+02   0.10000000E+01
  -0.14981785E+02   0.10000000E+01
  -0.14958736E+02   0.10000000E+01
  -0.14935687E+02   0.10000000E+01
  -0.14912638E+02   0.10000000E+01
  -0.14889589E+02   0.10000000E+01
  -0.14866540E+02   0.10000000E+01
  -0.14843491E+02   0.10000000E+01
  -0.14820443E+02   0.10000000E+01
  -0.14797394E+02   0.10000000E+01
  -0.14774345E+02   0.10000000E+01
  -0.14751296E+02   0.10000000E+01
  -0.14728247E+02   0.10000000E+01
  -0.14705198E+02   0.10000000E+01
  -0.14682149E+02   0.10000000E+01
  -0.14659100E+02   0.10000000E+01
  -0.14636051E+02   0.10000000E+01
  -0.14613002E+02   0.10000000E+01
  -0.14589954E+02   0.10000000E+01
  -0.14566905E+02   0.10000000E+01
  -0.14543856E+02   0.10000000E+01
  -0.14520807E+02   0.10000000E+01
  -0.14497758E+02   0.10000000E+01
  -0.14474709E+02   0.10000000E+01
  -0.14451660E+02   0.10000000E+01
  -0.14428611E+02   0.10000000E+01
  -0.14405562E+02   0.10000000E+01
  -0.14382513E+02   0.10000000E+01
  -0.14359465E+02   0.10000000E+01
  -0.14336416E+02   0.10000000E+01
  -0.14313367E+02   0.10000000E+01
  -0.14290318E+02   0.10000000E+01
  -0.14267269E+02   0.10000000E+01
  -0.14244220E+02   0.99999988E+00
  -0.14221171E+02   0.10000001E+01
  -0.14198122E+02   0.10000000E+01
  -0.14175073E+02   0.10000000E+01
  -0.14152024E+02   0.10000000E+01
  -0.14128976E+02   0.10000000E+01
  -0.14105927E+02   0.10000000E+01
  -0.14082878E+02   0.10000000E+01
  -0.14059829E+02   0.10000000E+01
  -0.14036780E+02   0.10000000E+01
  -0.14013731E+02   0.10000000E+01
  -0.13990682E+02   0.10000000E+01
  -0.13967633E+02   0.10000000E+01
  -0.13944584E+02   0.10000000E+01
  -0.13921535E+02   0.10000000E+01
  -0.13898487E+02   0.10000000E+01
  -0.13875438E+02   0.99999976E+00
  -0.13852389E+02   0.10000000E+01
  -0.13829340E+02   0.10000000E+01
  -0.13806291E+02   0.10000000E+01
  -0.13783242E+02   0.10000000E+01
  -0.13760193E+02   0.10000000E+01
  -0.13737144E+02   0.10000000E+01
  -0.13714095E+02   0.10000000E+01
  -0.13691046E+02   0.10000000E+01
  -0.13667998E+02   0.10000000E+01
  -0.13644949E+02   0.10000000E+01
  -0.13621900E+02   0.10000000E+01
  -0.13598851E+02   0.10000000E+01
  -0.13575802E+02   0.10000000E+01
  -0.13552753E+02   0.10000000E+01
  -0.13529704E+02   0.10000000E+01
  -0.13506655E+02   0.10000000E+01
  -0.13483606E+02   0.10000000E+01
  -0.13460558E+02   0.10000000E+01
  -0.13437509E+02   0.10000000E+01
  -0.13414460E+02   0.10000000E+01
  -0.13391411E+02   0.10000000E+01
  -0.13368362E+02   0.10000000E+01
  -0.13345313E+02   0.10000000E+01
  -0.13322264E+02   0.10000000E+01
  -0.13299215E+02   0.10000000E+01
  -0.13276166E+02   0.10000000E+01
  -0.13253117E+02   0.10000000E+01
  -0.13230069E+02   0.10000000E+01
  -0.13207020E+02   0.10000000E+01
  -0.13183971E+02   0.10000000E+01
  -0.13160922E+02   0.10000000E+01
  -0.13137873E+02   0.10000000E+01
  -0.13114824E+02   0.10000000E+01
  -0.13091775E+02   0.10000000E+01
  -0.13068726E+02   0.10000000E+01
  -0.13045677E+02   0.10000000E+01
  -0.13022628E+02   0.10000000E+01
  -0.12999580E+02   0.10000000E+01
  -0.12976531E+02   0.10000000E+01
  -0.12953482E+02   0.10000000E+01
  -0.12930433E+02   0.10000000E+01
  -0.12907384E+02   0.10000000E+01
  -0.12884335E+02   0.10000010E+01
  -0.12861286E+02   0.10000000E+01
  -0.12838237E+02   0.10000000E+01
  -0.12815188E+02   0.10000000E+01
  -0.12792139E+02   0.10000000E+01
  -0.12769091E+02   0.10000000E+01
  -0.12746042E+02   0.10000000E+01
  -0.12722993E+02   0.10000000E+01
  -0.12699944E+02   0.10000000E+01
  -0.12676895E+02   0.10000000E+01
  -0.12653846E+02   0.10000000E+01
  -0.12630797E+02   0.10000000E+01
  -0.12607748E+02   0.10000000E+01
  -0.12584699E+02   0.10000000E+01
  -0.12561650E+02   0.10000000E+01
  -0.12538602E+02   0.10000000E+01
  -0.12515553E+02   0.10000000E+01
  -0.12492504E+02   0.10000000E+01
  -0.12469455E+02   0.10000000E+01
  -0.12446406E+02   0.10000000E+01
  -0.12423357E+02   0.10000000E+01
  -0.12400308E+02   0.10000000E+01
  -0.12377259E+02   0.10000000E+01
  -0.12354210E+02   0.10000000E+01
  -0.12331161E+02   0.10000000E+01
  -0.12308113E+02   0.10000000E+01
  -0.12285064E+02   0.10000000E+01
  -0.12262015E+02   0.10000000E+01
  -0.12238966E+02   0.10000000E+01
  -0.12215917E+02   0.10000000E+01
  -0.12192868E+02   0.10000000E+01
  -0.12169819E+02   0.10000000E+01
  -0.12146770E+02   0.10000000E+01
  -0.12123721E+02   0.10000000E+01
  -0.12100672E+02   0.10000000E+01
  -0.12077624E+02   0.10000000E+01
  -0.12054575E+02   0.10000000E+01
  -0.12031526E+02   0.10000000E+01
  -0.12008477E+02   0.10000000E+01
  -0.11985428E+02   0.10000000E+01
  -0.11962379E+02   0.10000000E+01
  -0.11939330E+02   0.10000000E+01
  -0.11916281E+02   0.10000000E+01
  -0.11893232E+02   0.10000000E+01
  -0.11870183E+02   0.10000000E+01
  -0.11847135E+02   0.10000000E+01
  -0.11824086E+02   0.10000000E+01
  -0.11801037E+02   0.10000000E+01
  -0.11777988E+02   0.10000000E+01
  -0.11754939E+02   0.10000038E+01
  -0.11731890E+02   0.10000000E+01
  -0.11708841E+02   0.10000000E+01
  -0.11685792E+02   0.10000000E+01
  -0.11662743E+02   0.10000000E+01
  -0.11639694E+02   0.99999619E+00
  -0.11616646E+02   0.10000000E+01
  -0.11593597E+02   0.10000000E+01
  -0.11570548E+02   0.10000000E+01
  -0.11547499E+02   0.10000000E+01
  -0.11524450E+02   0.10000000E+01
  -0.11501401E+02   0.10000000E+01
  -0.11478352E+02   0.10000000E+01
  -0.11455303E+02   0.10000000E+01
  -0.11432254E+02   0.10000000E+01
  -0.11409205E+02   0.10000000E+01
  -0.11386157E+02   0.10000000E+01
  -0.11363108E+02   0.10000000E+01
  -0.11340059E+02   0.10000000E+01
  -0.11317010E+02   0.10000000E+01
  -0.11293961E+02   0.10000000E+01
  -0.11270912E+02   0.10000000E+01
  -0.11247863E+02   0.10000000E+01
  -0.11224814E+02   0.10000000E+01
  -0.11201765E+02   0.10000000E+01
  -0.11178716E+02   0.10000000E+01
  -0.11155668E+02   0.10000000E+01
  -0.11132619E+02   0.10000000E+01
  -0.11109570E+02   0.10000000E+01
  -0.11086521E+02   0.10000000E+01
  -0.11063472E+02   0.10000000E+01
  -0.11040423E+02   0.10000000E+01
  -0.11017374E+02   0.10000000E+01
  -0.10994325E+02   0.10000000E+01
  -0.10971276E+02   0.10000000E+01
  -0.10948227E+02   0.10000000E+01
  -0.10925179E+02   0.10000000E+01
  -0.10902130E+02   0.10000076E+01
  -0.10879081E+02   0.10000000E+01
  -0.10856032E+02   0.10000000E+01
  -0.10832983E+02   0.10000000E+01
  -0.10809934E+02   0.10000000E+01
  -0.10786885E+02   0.10000000E+01
  -0.10763836E+02   0.10000000E+01
  -0.10740787E+02   0.10000000E+01
  -0.10717738E+02   0.10000000E+01
  -0.10694690E+02   0.10000000E+01
  -0.10671641E+02   0.10000000E+01
  -0.10648592E+02   0.10000000E+01
  -0.10625543E+02   0.10000000E+01
  -0.10602494E+02   0.10000000E+01
  -0.10579445E+02   0.10000000E+01
  -0.10556396E+02   0.10000000E+01
  -0.10533347E+02   0.10000000E+01
  -0.10510298E+02   0.10000000E+01
  -0.10487249E+02   0.10000000E+01
  -0.10464201E+02   0.10000000E+01
  -0.10441152E+02   0.10000000E+01
  -0.10418103E+02   0.10000000E+01
  -0.10395054E+02   0.10000000E+01
  -0.10372005E+02   0.10000000E+01
  -0.10348956E+02   0.10000000E+01
  -0.10325907E+02   0.10000000E+01
  -0.10302858E+02   0.10000000E+01
  -0.10279809E+02   0.10000000E+01
  -0.10256760E+02   0.10000000E+01
  -0.10233712E+02   0.10000000E+01
  -0.10210663E+02   0.10000000E+01
  -0.10187614E+02   0.10000000E+01
  -0.10164565E+02   0.10000000E+01
  -0.10141516E+02   0.10000000E+01
  -0.10118467E+02   0.10000000E+01
  -0.10095418E+02   0.10000000E+01
  -0.10072369E+02   0.10000000E+01
  -0.10049320E+02   0.10000000E+01
  -0.10026271E+02   0.10000000E+01
  -0.10003223E+02   0.10000000E+01
  -0.99801736E+01   0.10000000E+01
  -0.99571247E+01   0.10000000E+01
  -0.99340758E+01   0.10000000E+01
  -0.99110269E+01   0.10000000E+01
  -0.98879780E+01   0.10000000E+01
  -0.98649291E+01   0.10000000E+01
  -0.98418802E+01   0.10000000E+01
  -0.98188313E+01   0.10000000E+01
  -0.97957824E+01   0.10000000E+01
  -0.97727335E+01   0.99999619E+00
  -0.97496846E+01   0.10000000E+01
  -0.97266357E+01   0.10000000E+01
  -0.97035868E+01   0.10000000E+01
  -0.96805379E+01   0.10000000E+01
  -0.96574890E+01   0.10000000E+01
  -0.96344401E+01   0.10000000E+01
  -0.96113912E+01   0.10000000E+01
  -0.95883423E+01   0.10000000E+01
  -0.95652934E+01   0.10000000E+01
  -0.95422445E+01   0.10000000E+01
  -0.95191956E+01   0.10000000E+01
  -0.94961467E+01   0.10000000E+01
  -0.94730978E+01   0.10000000E+01
  -0.94500489E+01   0.10000000E+01
  -0.94270000E+01   0.10000000E+01
  -0.94039511E+01   0.10000000E+01
  -0.93809022E+01   0.10000000E+01
  -0.93578533E+01   0.10000000E+01
  -0.93348044E+01   0.10000000E+01
  -0.93117555E+01   0.10000000E+01
  -0.92887066E+01   0.10000000E+01
  -0.92656577E+01   0.10000000E+01
  -0.92426088E+01   0.10000000E+01
  -0.92195599E+01   0.10000000E+01
  -0.91965110E+01   0.10000000E+01
  -0.91734621E+01   0.10000000E+01
  -0.91504132E+01   0.10000000E+01
  -0.91273643E+01   0.10000000E+01
  -0.91043154E+01   0.10000000E+01
  -0.90812665E+01   0.10000000E+01
  -0.90582176E+01   0.10000000E+01
  -0.90351687E+01   0.10000000E+01
  -0.90121198E+01   0.10000000E+01
  -0.89890709E+01   0.10000000E+01
  -0.89660220E+01   0.10000000E+01
  -0.89429731E+01   0.10000000E+01
  -0.89199242E+01   0.10000000E+01
  -0.88968753E+01   0.10000000E+01
  -0.88738264E+01   0.10000000E+01
  -0.88507775E+01   0.10000000E+01
  -0.88277286E+01   0.10000000E+01
  -0.88046797E+01   0.10000000E+01
  -0.87816308E+01   0.10000000E+01
  -0.87585819E+01   0.10000000E+01
  -0.87355330E+01   0.10000000E+01
  -0.87124841E+01   0.10000000E+01
  -0.86894352E+01   0.10000000E+01
  -0.86663863E+01   0.10000000E+01
  -0.86433374E+01   0.10000000E+01
  -0.86202885E+01   0.10000000E+01
  -0.85972396E+01   0.10000000E+01
  -0.85741907E+01   0.10000000E+01
  -0.85511418E+01   0.99999999E+00
  -0.85280929E+01   0.99999999E+00
  -0.85050440E+01   0.99999999E+00
  -0.84819951E+01   0.99999999E+00
  -0.84589462E+01   0.99999998E+00
  -0.84358973E+01   0.99999997E+00
  -0.84128484E+01   0.99999997E+00
  -0.83897995E+01   0.99999996E+00
  -0.83667506E+01   0.99999995E+00
  -0.83437017E+01   0.99999993E+00
  -0.83206528E+01   0.99999990E+00
  -0.82976039E+01   0.99999987E+00
  -0.82745550E+01   0.99999982E+00
  -0.82515061E+01   0.99999976E+00
  -0.82284572E+01   0.99999967E+00
  -0.82054083E+01   0.99999954E+00
  -0.81823594E+01   0.99999936E+00
  -0.81593105E+01   0.99999910E+00
  -0.81362616E+01   0.99999872E+00
  -0.81132127E+01   0.99999817E+00
  -0.80901638E+01   0.99999735E+00
  -0.80671149E+01   0.99999612E+00
  -0.80440660E+01   0.99999428E+00
  -0.80210171E+01   0.99999147E+00
  -0.79979682E+01   0.99998716E+00
  -0.79749193E+01   0.99998046E+00
  -0.79518704E+01   0.99996996E+00
  -0.79288215E+01   0.99995332E+00
  -0.79057726E+01   0.99992664E+00
  -0.78827237E+01   0.99988340E+00
  -0.78596748E+01   0.99981253E+00
  -0.78366259E+01   0.99969501E+00
  -0.78135770E+01   0.99949782E+00
  -0.77905281E+01   0.99999992E+00
  -0.77674792E+01   0.99999989E+00
  -0.77444303E+01   0.99999980E+00
  -0.77213814E+01   0.99999964E+00
  -0.76983325E+01   0.99999937E+00
  -0.76752836E+01   0.99999889E+00
  -0.76522347E+01   0.99999796E+00
  -0.76291858E+01   0.99999630E+00
  -0.76061369E+01   0.99999314E+00
  -0.75830880E+01   0.99998698E+00
  -0.75600391E+01   0.99997504E+00
  -0.75369902E+01   0.99995136E+00
  -0.75139413E+01   0.99990379E+00
  -0.74908924E+01   0.99980698E+00
  -0.74678435E+01   0.99960775E+00
  -0.74447946E+01   0.99919500E+00
  -0.74217457E+01   0.99833997E+00
  -0.73986968E+01   0.99658828E+00
  -0.73756479E+01   0.99309322E+00
  -0.73525990E+01   0.98642634E+00
  -0.73295501E+01   0.97449058E+00
  -0.73065012E+01   0.95471937E+00
  -0.72834523E+01   0.92463799E+00
  -0.72604034E+01   0.88260235E+00
  -0.72373545E+01   0.82836013E+00
  -0.72143056E+01   0.76318825E+00
  -0.71912567E+01   0.68962182E+00
  -0.71682078E+01   0.61095919E+00
  -0.71451589E+01   0.53073196E+00
  -0.71221100E+01   0.45225347E+00
  -0.70990611E+01   0.37829309E+00
  -0.70760122E+01   0.31088827E+00
  -0.70529633E+01   0.25128796E+00
  -0.70299144E+01   0.20000582E+00
  -0.70068655E+01   0.15694909E+00
  -0.69838166E+01   0.12158385E+00
  -0.69607677E+01   0.93101796E-01
  -0.69377188E+01   0.70564242E-01
  -0.69146699E+01   0.53011694E-01
  -0.68916210E+01   0.39537458E-01
  -0.68685721E+01   0.29329997E-01
  -0.68455232E+01   0.21691464E-01
  -0.68224743E+01   0.16039967E-01
  -0.67994254E+01   0.11901997E-01
  -0.67763765E+01   0.88998727E-02
  -0.67533277E+01   0.67375493E-02
  -0.67302788E+01   0.51868537E-02
  -0.67072299E+01   0.40751173E-02
  -0.66841810E+01   0.32743866E-02
  -0.66611321E+01   0.26919940E-02
  -0.66380832E+01   0.22623019E-02
  -0.66150343E+01   0.19396532E-02
  -0.65919854E+01   0.16926501E-02
  -0.65689365E+01   0.14997839E-02
  -0.65458876E+01   0.13462749E-02
  -0.65228387E+01   0.12218793E-02
  -0.64997898E+01   0.11194085E-02
  -0.64767409E+01   0.10337428E-02
  -0.64536920E+01   0.96117698E-03
  -0.64306431E+01   0.89898542E-03
  -0.64075942E+01   0.84513052E-03
  -0.63845453E+01   0.79806513E-03
  -0.63614964E+01   0.75659702E-03
  -0.63384475E+01   0.71979462E-03
  -0.63153986E+01   0.68692061E-03
  -0.62923497E+01   0.65738439E-03
  -0.62693008E+01   0.63070763E-03
  -0.62462519E+01   0.60649901E-03
  -0.62232030E+01   0.58443534E-03
  -0.62001541E+01   0.56424745E-03
  -0.61771052E+01   0.54570936E-03
  -0.61540563E+01   0.52862994E-03
  -0.61310074E+01   0.51284651E-03
  -0.61079585E+01   0.49821966E-03
  -0.60849096E+01   0.48462932E-03
  -0.60618607E+01   0.47197143E-03
  -0.60388118E+01   0.46015545E-03
  -0.60157629E+01   0.44910214E-03
  -0.59927140E+01   0.43874193E-03
  -0.59696651E+01   0.42901345E-03
  -0.59466162E+01   0.41986234E-03
  -0.59235673E+01   0.41124033E-03
  -0.59005184E+01   0.40310435E-03
  -0.58774695E+01   0.39541589E-03
  -0.58544206E+01   0.38814041E-03
  -0.58313717E+01   0.38124680E-03
  -0.58083228E+01   0.37470701E-03
  -0.57852739E+01   0.36849568E-03
  -0.57622250E+01   0.36258979E-03
  -0.57391761E+01   0.35696842E-03
  -0.57161272E+01   0.35161252E-03
  -0.56930783E+01   0.34650471E-03
  -0.56700294E+01   0.34162907E-03
  -0.56469805E+01   0.33697101E-03
  -0.56239316E+01   0.33251715E-03
  -0.56008827E+01   0.32825516E-03
  -0.55778338E+01   0.32417370E-03
  -0.55547849E+01   0.32026229E-03
  -0.55317360E+01   0.31651124E-03
  -0.55086871E+01   0.31291159E-03
  -0.54856382E+01   0.30945501E-03
  -0.54625893E+01   0.30613379E-03
  -0.54395404E+01   0.30294076E-03
  -0.54164915E+01   0.29986921E-03
  -0.53934426E+01   0.29691293E-03
  -0.53703937E+01   0.29406610E-03
  -0.53473448E+01   0.29132329E-03
  -0.53242959E+01   0.28867941E-03
  -0.53012470E+01   0.28612970E-03
  -0.52781981E+01   0.28366970E-03
  -0.52551492E+01   0.28129522E-03
  -0.52321003E+01   0.27900232E-03
  -0.52090514E+01   0.27678731E-03
  -0.51860025E+01   0.27464670E-03
  -0.51629536E+01   0.27257721E-03
  -0.51399047E+01   0.27057575E-03
  -0.51168558E+01   0.26863940E-03
  -0.50938069E+01   0.26676540E-03
  -0.50707580E+01   0.26495113E-03
  -0.50477091E+01   0.26319415E-03
  -0.50246602E+01   0.26149211E-03
  -0.50016113E+01   0.25984280E-03
  -0.49785624E+01   0.25824412E-03
  -0.49555135E+01   0.25669408E-03
  -0.49324646E+01   0.25519080E-03
  -0.49094157E+01   0.25373248E-03
  -0.48863668E+01   0.25231740E-03
  -0.48633179E+01   0.25094395E-03
  -0.48402690E+01   0.24961059E-03
  -0.48172201E+01   0.24831583E-03
  -0.47941712E+01   0.24705828E-03
  -0.47711223E+01   0.24583660E-03
  -0.47480734E+01   0.24464951E-03
  -0.47250245E+01   0.24349579E-03
  -0.47019756E+01   0.24237428E-03
  -0.46789267E+01   0.24128386E-03
  -0.46558778E+01   0.24022348E-03
  -0.46328289E+01   0.23919211E-03
  -0.46097800E+01   0.23818878E-03
  -0.45867311E+01   0.23721256E-03
  -0.45636822E+01   0.23626255E-03
  -0.45406333E+01   0.23533790E-03
  -0.45175844E+01   0.23443778E-03
  -0.44945355E+01   0.23356141E-03
  -0.44714866E+01   0.23270803E-03
  -0.44484377E+01   0.23187692E-03
  -0.44253888E+01   0.23106737E-03
  -0.44023399E+01   0.23027872E-03
  -0.43792910E+01   0.22951033E-03
  -0.43562421E+01   0.22876157E-03
  -0.43331932E+01   0.22803185E-03
  -0.43101443E+01   0.22732059E-03
  -0.42870954E+01   0.22662725E-03
  -0.42640465E+01   0.22595129E-03
  -0.42409976E+01   0.22529220E-03
  -0.42179487E+01   0.22464948E-03
  -0.41948998E+01   0.22402266E-03
  -0.41718509E+01   0.22341128E-03
  -0.41488020E+01   0.22281491E-03
  -0.41257531E+01   0.22223310E-03
  -0.41027042E+01   0.22166545E-03
  -0.40796553E+01   0.22111157E-03
  -0.40566064E+01   0.22057105E-03
  -0.40335575E+01   0.22004355E-03
  -0.40105086E+01   0.21952869E-03
  -0.39874597E+01   0.21902613E-03
  -0.39644108E+01   0.21853553E-03
  -0.39413619E+01   0.21805658E-03
  -0.39183130E+01   0.21758894E-03
  -0.38952641E+01   0.21713233E-03
  -0.38722152E+01   0.21668645E-03
  -0.38491663E+01   0.21625101E-03
  -0.38261174E+01   0.21582574E-03
  -0.38030685E+01   0.21541037E-03
  -0.37800196E+01   0.21500465E-03
  -0.37569707E+01   0.21460831E-03
  -0.37339218E+01   0.21422112E-03
  -0.37108729E+01   0.21384285E-03
  -0.36878240E+01   0.21347326E-03
  -0.36647751E+01   0.21311214E-03
  -0.36417262E+01   0.21275926E-03
  -0.36186773E+01   0.21241443E-03
  -0.35956284E+01   0.21207743E-03
  -0.35725795E+01   0.21174808E-03
  -0.35495306E+01   0.21142618E-03
  -0.35264817E+01   0.21111154E-03
  -0.35034328E+01   0.21080399E-03
  -0.34803839E+01   0.21050336E-03
  -0.34573350E+01   0.21020946E-03
  -0.34342861E+01   0.20992215E-03
  -0.34112372E+01   0.20964125E-03
  -0.33881883E+01   0.20936661E-03
  -0.33651394E+01   0.20909809E-03
  -0.33420905E+01   0.20883553E-03
  -0.33190416E+01   0.20857879E-03
  -0.32959927E+01   0.20832773E-03
  -0.32729438E+01   0.20808221E-03
  -0.32498949E+01   0.20784211E-03
  -0.32268460E+01   0.20760730E-03
  -0.32037971E+01   0.20737765E-03
  -0.31807482E+01   0.20715303E-03
  -0.31576993E+01   0.20693334E-03
  -0.31346504E+01   0.20671846E-03
  -0.31116015E+01   0.20650827E-03
  -0.30885526E+01   0.20630267E-03
  -0.30655037E+01   0.20610154E-03
  -0.30424548E+01   0.20590479E-03
  -0.30194059E+01   0.20571232E-03
  -0.29963570E+01   0.20552402E-03
  -0.29733081E+01   0.20533980E-03
  -0.29502592E+01   0.20515957E-03
  -0.29272103E+01   0.20498324E-03
  -0.29041614E+01   0.20481072E-03
  -0.28811125E+01   0.20464191E-03
  -0.28580636E+01   0.20447675E-03
  -0.28350147E+01   0.20431514E-03
  -0.28119658E+01   0.20415700E-03
  -0.27889169E+01   0.20400226E-03
  -0.27658680E+01   0.20385085E-03
  -0.27428191E+01   0.20370268E-03
  -0.27197702E+01   0.20355768E-03
  -0.26967213E+01   0.20341579E-03
  -0.26736724E+01   0.20327693E-03
  -0.26506235E+01   0.20314104E-03
  -0.26275746E+01   0.20300805E-03
  -0.26045257E+01   0.20287790E-03
  -0.25814768E+01   0.20275052E-03
  -0.25584279E+01   0.20262586E-03
  -0.25353790E+01   0.20250385E-03
  -0.25123301E+01   0.20238444E-03
  -0.24892812E+01   0.20226757E-03
  -0.24662323E+01   0.20215318E-03
  -0.24431834E+01   0.20204122E-03
  -0.24201345E+01   0.20193164E-03
  -0.23970856E+01   0.20182439E-03
  -0.23740367E+01   0.20171941E-03
  -0.23509878E+01   0.20161666E-03
  -0.23279389E+01   0.20151608E-03
  -0.23048900E+01   0.20141764E-03
  -0.22818411E+01   0.20132128E-03
  -0.22587922E+01   0.20122696E-03
  -0.22357433E+01   0.20113464E-03
  -0.22126944E+01   0.20104427E-03
  -0.21896455E+01   0.20095582E-03
  -0.21665966E+01   0.20086924E-03
  -0.21435477E+01   0.20078449E-03
  -0.21204988E+01   0.20070153E-03
  -0.20974499E+01   0.20062033E-03
  -0.20744010E+01   0.20054085E-03
  -0.20513521E+01   0.20046306E-03
  -0.20283032E+01   0.20038690E-03
  -0.20052543E+01   0.20031237E-03
  -0.19822054E+01   0.20023941E-03
  -0.19591565E+01   0.20016800E-03
  -0.19361076E+01   0.20009810E-03
  -0.19130587E+01   0.20002968E-03
  -0.18900098E+01   0.19996272E-03
  -0.18669609E+01   0.19989718E-03
  -0.18439120E+01   0.19983303E-03
  -0.18208631E+01   0.19977024E-03
  -0.17978142E+01   0.19970880E-03
  -0.17747653E+01   0.19964866E-03
  -0.17517164E+01   0.19958981E-03
  -0.17286675E+01   0.19953221E-03
  -0.17056186E+01   0.19947584E-03
  -0.16825697E+01   0.19942069E-03
  -0.16595208E+01   0.19936671E-03
  -0.16364719E+01   0.19931389E-03
  -0.16134230E+01   0.19926222E-03
  -0.15903741E+01   0.19921165E-03
  -0.15673252E+01   0.19916218E-03
  -0.15442763E+01   0.19911378E-03
  -0.15212274E+01   0.19906643E-03
  -0.14981785E+01   0.19902012E-03
  -0.14751296E+01   0.19897481E-03
  -0.14520807E+01   0.19893049E-03
  -0.14290318E+01   0.19888715E-03
  -0.14059829E+01   0.19884477E-03
  -0.13829340E+01   0.19880332E-03
  -0.13598851E+01   0.19876279E-03
  -0.13368362E+01   0.19872317E-03
  -0.13137873E+01   0.19868443E-03
  -0.12907384E+01   0.19864656E-03
  -0.12676895E+01   0.19860956E-03
  -0.12446406E+01   0.19857339E-03
  -0.12215917E+01   0.19853805E-03
  -0.11985428E+01   0.19850352E-03
  -0.11754939E+01   0.19846979E-03
  -0.11524450E+01   0.19843684E-03
  -0.11293961E+01   0.19840467E-03
  -0.11063472E+01   0.19837326E-03
  -0.10832983E+01   0.19834260E-03
  -0.10602494E+01   0.19831267E-03
  -0.10372005E+01   0.19828347E-03
  -0.10141516E+01   0.19825498E-03
  -0.99110269E+00   0.19822719E-03
  -0.96805379E+00   0.19820009E-03
  -0.94500489E+00   0.19817368E-03
  -0.92195599E+00   0.19814793E-03
  -0.89890709E+00   0.19812285E-03
  -0.87585819E+00   0.19809842E-03
  -0.85280929E+00   0.19807463E-03
  -0.82976039E+00   0.19805147E-03
  -0.80671149E+00   0.19802894E-03
  -0.78366259E+00   0.19800703E-03
  -0.76061369E+00   0.19798572E-03
  -0.73756479E+00   0.19796501E-03
  -0.71451589E+00   0.19794489E-03
  -0.69146699E+00   0.19792535E-03
  -0.66841810E+00   0.19790638E-03
  -0.64536920E+00   0.19788798E-03
  -0.62232030E+00   0.19787013E-03
  -0.59927140E+00   0.19785283E-03
  -0.57622250E+00   0.19783607E-03
  -0.55317360E+00   0.19781985E-03
  -0.53012470E+00   0.19780414E-03
  -0.50707580E+00   0.19778895E-03
  -0.48402690E+00   0.19777426E-03
  -0.46097800E+00   0.19776007E-03
  -0.43792910E+00   0.19774637E-03
  -0.41488020E+00   0.19773315E-03
  -0.39183130E+00   0.19772039E-03
  -0.36878240E+00   0.19770810E-03
  -0.34573350E+00   0.19769625E-03
  -0.32268460E+00   0.19768485E-03
  -0.29963570E+00   0.19767388E-03
  -0.27658680E+00   0.19766332E-03
  -0.25353790E+00   0.19765318E-03
  -0.23048900E+00   0.19764344E-03
  -0.20744010E+00   0.19763409E-03
  -0.18439120E+00   0.19762512E-03
  -0.16134230E+00   0.19761652E-03
  -0.13829340E+00   0.19760827E-03
  -0.11524450E+00   0.19760038E-03
  -0.92195599E-01   0.19759282E-03
  -0.69146699E-01   0.19758559E-03
  -0.46097800E-01   0.19757868E-03
  -0.23048900E-01   0.19757207E-03
   0.00000000E+00   0.19756576E-03
