 -0.23025851E+002  0.99999998E+000
 -0.23002802E+002  0.99999998E+000
 -0.22979753E+002  0.99999998E+000
 -0.22956704E+002  0.99999998E+000
 -0.22933655E+002  0.99999998E+000
 -0.22910606E+002  0.99999998E+000
 -0.22887558E+002  0.99999998E+000
 -0.22864509E+002  0.99999998E+000
 -0.22841460E+002  0.99999998E+000
 -0.22818411E+002  0.99999998E+000
 -0.22795362E+002  0.99999998E+000
 -0.22772313E+002  0.99999998E+000
 -0.22749264E+002  0.99999998E+000
 -0.22726215E+002  0.99999999E+000
 -0.22703166E+002  0.99999999E+000
 -0.22680117E+002  0.99999999E+000
 -0.22657069E+002  0.99999999E+000
 -0.22634020E+002  0.99999999E+000
 -0.22610971E+002  0.99999999E+000
 -0.22587922E+002  0.99999999E+000
 -0.22564873E+002  0.99999999E+000
 -0.22541824E+002  0.99999999E+000
 -0.22518775E+002  0.99999999E+000
 -0.22495726E+002  0.99999999E+000
 -0.22472677E+002  0.99999999E+000
 -0.22449628E+002  0.99999999E+000
 -0.22426580E+002  0.99999999E+000
 -0.22403531E+002  0.99999999E+000
 -0.22380482E+002  0.99999999E+000
 -0.22357433E+002  0.99999999E+000
 -0.22334384E+002  0.99999999E+000
 -0.22311335E+002  0.99999999E+000
 -0.22288286E+002  0.99999999E+000
 -0.22265237E+002  0.99999999E+000
 -0.22242188E+002  0.99999999E+000
 -0.22219139E+002  0.99999999E+000
 -0.22196091E+002  0.99999999E+000
 -0.22173042E+002  0.99999999E+000
 -0.22149993E+002  0.99999999E+000
 -0.22126944E+002  0.99999999E+000
 -0.22103895E+002  0.99999999E+000
 -0.22080846E+002  0.99999999E+000
 -0.22057797E+002  0.99999999E+000
 -0.22034748E+002  0.99999999E+000
 -0.22011699E+002  0.99999999E+000
 -0.21988650E+002  0.10000000E+001
 -0.21965602E+002  0.10000000E+001
 -0.21942553E+002  0.10000000E+001
 -0.21919504E+002  0.10000000E+001
 -0.21896455E+002  0.10000000E+001
 -0.21873406E+002  0.10000000E+001
 -0.21850357E+002  0.10000000E+001
 -0.21827308E+002  0.10000000E+001
 -0.21804259E+002  0.10000000E+001
 -0.21781210E+002  0.10000000E+001
 -0.21758161E+002  0.10000000E+001
 -0.21735113E+002  0.10000000E+001
 -0.21712064E+002  0.10000000E+001
 -0.21689015E+002  0.10000000E+001
 -0.21665966E+002  0.10000000E+001
 -0.21642917E+002  0.10000000E+001
 -0.21619868E+002  0.10000000E+001
 -0.21596819E+002  0.10000000E+001
 -0.21573770E+002  0.10000000E+001
 -0.21550721E+002  0.10000000E+001
 -0.21527672E+002  0.10000000E+001
 -0.21504624E+002  0.10000000E+001
 -0.21481575E+002  0.10000000E+001
 -0.21458526E+002  0.10000000E+001
 -0.21435477E+002  0.10000000E+001
 -0.21412428E+002  0.10000000E+001
 -0.21389379E+002  0.10000000E+001
 -0.21366330E+002  0.10000000E+001
 -0.21343281E+002  0.10000000E+001
 -0.21320232E+002  0.10000000E+001
 -0.21297183E+002  0.10000000E+001
 -0.21274135E+002  0.10000000E+001
 -0.21251086E+002  0.10000000E+001
 -0.21228037E+002  0.10000000E+001
 -0.21204988E+002  0.10000000E+001
 -0.21181939E+002  0.10000000E+001
 -0.21158890E+002  0.10000000E+001
 -0.21135841E+002  0.10000000E+001
 -0.21112792E+002  0.10000000E+001
 -0.21089743E+002  0.10000000E+001
 -0.21066694E+002  0.10000000E+001
 -0.21043646E+002  0.10000000E+001
 -0.21020597E+002  0.10000000E+001
 -0.20997548E+002  0.10000000E+001
 -0.20974499E+002  0.10000000E+001
 -0.20951450E+002  0.10000000E+001
 -0.20928401E+002  0.10000000E+001
 -0.20905352E+002  0.10000000E+001
 -0.20882303E+002  0.10000000E+001
 -0.20859254E+002  0.10000000E+001
 -0.20836205E+002  0.10000000E+001
 -0.20813157E+002  0.10000000E+001
 -0.20790108E+002  0.10000000E+001
 -0.20767059E+002  0.10000000E+001
 -0.20744010E+002  0.10000000E+001
 -0.20720961E+002  0.10000000E+001
 -0.20697912E+002  0.10000000E+001
 -0.20674863E+002  0.10000000E+001
 -0.20651814E+002  0.10000000E+001
 -0.20628765E+002  0.10000000E+001
 -0.20605716E+002  0.10000000E+001
 -0.20582668E+002  0.10000000E+001
 -0.20559619E+002  0.10000000E+001
 -0.20536570E+002  0.10000000E+001
 -0.20513521E+002  0.10000000E+001
 -0.20490472E+002  0.10000000E+001
 -0.20467423E+002  0.10000000E+001
 -0.20444374E+002  0.10000000E+001
 -0.20421325E+002  0.10000000E+001
 -0.20398276E+002  0.10000000E+001
 -0.20375227E+002  0.10000000E+001
 -0.20352179E+002  0.10000000E+001
 -0.20329130E+002  0.10000000E+001
 -0.20306081E+002  0.10000000E+001
 -0.20283032E+002  0.10000000E+001
 -0.20259983E+002  0.10000000E+001
 -0.20236934E+002  0.10000000E+001
 -0.20213885E+002  0.10000000E+001
 -0.20190836E+002  0.10000000E+001
 -0.20167787E+002  0.10000000E+001
 -0.20144738E+002  0.10000000E+001
 -0.20121690E+002  0.10000000E+001
 -0.20098641E+002  0.10000000E+001
 -0.20075592E+002  0.10000000E+001
 -0.20052543E+002  0.10000000E+001
 -0.20029494E+002  0.10000000E+001
 -0.20006445E+002  0.10000000E+001
 -0.19983396E+002  0.10000000E+001
 -0.19960347E+002  0.10000000E+001
 -0.19937298E+002  0.10000000E+001
 -0.19914249E+002  0.10000000E+001
 -0.19891201E+002  0.10000000E+001
 -0.19868152E+002  0.10000000E+001
 -0.19845103E+002  0.10000000E+001
 -0.19822054E+002  0.10000000E+001
 -0.19799005E+002  0.10000000E+001
 -0.19775956E+002  0.10000000E+001
 -0.19752907E+002  0.10000000E+001
 -0.19729858E+002  0.10000000E+001
 -0.19706809E+002  0.10000000E+001
 -0.19683760E+002  0.10000000E+001
 -0.19660712E+002  0.10000000E+001
 -0.19637663E+002  0.10000000E+001
 -0.19614614E+002  0.10000000E+001
 -0.19591565E+002  0.10000000E+001
 -0.19568516E+002  0.10000000E+001
 -0.19545467E+002  0.10000000E+001
 -0.19522418E+002  0.10000000E+001
 -0.19499369E+002  0.10000000E+001
 -0.19476320E+002  0.10000000E+001
 -0.19453271E+002  0.10000000E+001
 -0.19430223E+002  0.10000000E+001
 -0.19407174E+002  0.10000000E+001
 -0.19384125E+002  0.10000000E+001
 -0.19361076E+002  0.10000000E+001
 -0.19338027E+002  0.10000000E+001
 -0.19314978E+002  0.10000000E+001
 -0.19291929E+002  0.10000000E+001
 -0.19268880E+002  0.10000000E+001
 -0.19245831E+002  0.10000000E+001
 -0.19222782E+002  0.10000000E+001
 -0.19199734E+002  0.10000000E+001
 -0.19176685E+002  0.10000000E+001
 -0.19153636E+002  0.10000000E+001
 -0.19130587E+002  0.10000000E+001
 -0.19107538E+002  0.10000000E+001
 -0.19084489E+002  0.10000000E+001
 -0.19061440E+002  0.10000000E+001
 -0.19038391E+002  0.10000000E+001
 -0.19015342E+002  0.10000000E+001
 -0.18992293E+002  0.10000000E+001
 -0.18969245E+002  0.10000000E+001
 -0.18946196E+002  0.10000000E+001
 -0.18923147E+002  0.10000000E+001
 -0.18900098E+002  0.10000000E+001
 -0.18877049E+002  0.10000000E+001
 -0.18854000E+002  0.10000000E+001
 -0.18830951E+002  0.10000000E+001
 -0.18807902E+002  0.10000000E+001
 -0.18784853E+002  0.10000000E+001
 -0.18761804E+002  0.10000000E+001
 -0.18738756E+002  0.10000000E+001
 -0.18715707E+002  0.10000000E+001
 -0.18692658E+002  0.10000000E+001
 -0.18669609E+002  0.10000000E+001
 -0.18646560E+002  0.10000000E+001
 -0.18623511E+002  0.10000000E+001
 -0.18600462E+002  0.10000000E+001
 -0.18577413E+002  0.10000000E+001
 -0.18554364E+002  0.10000000E+001
 -0.18531315E+002  0.10000000E+001
 -0.18508267E+002  0.10000000E+001
 -0.18485218E+002  0.10000000E+001
 -0.18462169E+002  0.10000000E+001
 -0.18439120E+002  0.10000000E+001
 -0.18416071E+002  0.10000000E+001
 -0.18393022E+002  0.10000000E+001
 -0.18369973E+002  0.10000000E+001
 -0.18346924E+002  0.10000000E+001
 -0.18323875E+002  0.10000000E+001
 -0.18300826E+002  0.10000000E+001
 -0.18277778E+002  0.10000000E+001
 -0.18254729E+002  0.10000000E+001
 -0.18231680E+002  0.10000000E+001
 -0.18208631E+002  0.10000000E+001
 -0.18185582E+002  0.10000000E+001
 -0.18162533E+002  0.10000000E+001
 -0.18139484E+002  0.10000000E+001
 -0.18116435E+002  0.10000000E+001
 -0.18093386E+002  0.10000000E+001
 -0.18070337E+002  0.10000000E+001
 -0.18047289E+002  0.10000000E+001
 -0.18024240E+002  0.10000000E+001
 -0.18001191E+002  0.10000000E+001
 -0.17978142E+002  0.10000000E+001
 -0.17955093E+002  0.10000000E+001
 -0.17932044E+002  0.10000000E+001
 -0.17908995E+002  0.10000000E+001
 -0.17885946E+002  0.10000000E+001
 -0.17862897E+002  0.10000000E+001
 -0.17839848E+002  0.10000000E+001
 -0.17816800E+002  0.10000000E+001
 -0.17793751E+002  0.10000000E+001
 -0.17770702E+002  0.10000000E+001
 -0.17747653E+002  0.10000000E+001
 -0.17724604E+002  0.10000000E+001
 -0.17701555E+002  0.10000000E+001
 -0.17678506E+002  0.10000000E+001
 -0.17655457E+002  0.10000000E+001
 -0.17632408E+002  0.10000000E+001
 -0.17609359E+002  0.10000000E+001
 -0.17586311E+002  0.10000000E+001
 -0.17563262E+002  0.10000000E+001
 -0.17540213E+002  0.10000000E+001
 -0.17517164E+002  0.10000000E+001
 -0.17494115E+002  0.10000000E+001
 -0.17471066E+002  0.10000000E+001
 -0.17448017E+002  0.10000000E+001
 -0.17424968E+002  0.10000000E+001
 -0.17401919E+002  0.10000000E+001
 -0.17378870E+002  0.10000000E+001
 -0.17355822E+002  0.10000000E+001
 -0.17332773E+002  0.10000000E+001
 -0.17309724E+002  0.10000000E+001
 -0.17286675E+002  0.10000000E+001
 -0.17263626E+002  0.10000000E+001
 -0.17240577E+002  0.10000000E+001
 -0.17217528E+002  0.10000000E+001
 -0.17194479E+002  0.10000000E+001
 -0.17171430E+002  0.10000000E+001
 -0.17148381E+002  0.10000000E+001
 -0.17125333E+002  0.10000000E+001
 -0.17102284E+002  0.10000000E+001
 -0.17079235E+002  0.10000000E+001
 -0.17056186E+002  0.10000000E+001
 -0.17033137E+002  0.10000000E+001
 -0.17010088E+002  0.10000000E+001
 -0.16987039E+002  0.10000000E+001
 -0.16963990E+002  0.10000000E+001
 -0.16940941E+002  0.10000000E+001
 -0.16917892E+002  0.10000000E+001
 -0.16894844E+002  0.10000000E+001
 -0.16871795E+002  0.10000000E+001
 -0.16848746E+002  0.10000000E+001
 -0.16825697E+002  0.10000000E+001
 -0.16802648E+002  0.10000000E+001
 -0.16779599E+002  0.10000000E+001
 -0.16756550E+002  0.10000000E+001
 -0.16733501E+002  0.10000000E+001
 -0.16710452E+002  0.10000000E+001
 -0.16687403E+002  0.10000000E+001
 -0.16664355E+002  0.10000000E+001
 -0.16641306E+002  0.10000000E+001
 -0.16618257E+002  0.10000000E+001
 -0.16595208E+002  0.10000000E+001
 -0.16572159E+002  0.10000000E+001
 -0.16549110E+002  0.10000000E+001
 -0.16526061E+002  0.10000000E+001
 -0.16503012E+002  0.10000000E+001
 -0.16479963E+002  0.10000000E+001
 -0.16456914E+002  0.10000000E+001
 -0.16433866E+002  0.10000000E+001
 -0.16410817E+002  0.10000000E+001
 -0.16387768E+002  0.10000000E+001
 -0.16364719E+002  0.10000000E+001
 -0.16341670E+002  0.10000000E+001
 -0.16318621E+002  0.10000000E+001
 -0.16295572E+002  0.10000000E+001
 -0.16272523E+002  0.10000000E+001
 -0.16249474E+002  0.10000000E+001
 -0.16226425E+002  0.10000000E+001
 -0.16203377E+002  0.10000000E+001
 -0.16180328E+002  0.10000000E+001
 -0.16157279E+002  0.10000000E+001
 -0.16134230E+002  0.10000000E+001
 -0.16111181E+002  0.10000000E+001
 -0.16088132E+002  0.10000000E+001
 -0.16065083E+002  0.10000000E+001
 -0.16042034E+002  0.10000000E+001
 -0.16018985E+002  0.10000000E+001
 -0.15995936E+002  0.10000000E+001
 -0.15972888E+002  0.10000000E+001
 -0.15949839E+002  0.10000000E+001
 -0.15926790E+002  0.10000000E+001
 -0.15903741E+002  0.10000000E+001
 -0.15880692E+002  0.10000000E+001
 -0.15857643E+002  0.10000000E+001
 -0.15834594E+002  0.10000000E+001
 -0.15811545E+002  0.10000000E+001
 -0.15788496E+002  0.10000000E+001
 -0.15765447E+002  0.10000000E+001
 -0.15742399E+002  0.10000000E+001
 -0.15719350E+002  0.10000000E+001
 -0.15696301E+002  0.10000000E+001
 -0.15673252E+002  0.10000000E+001
 -0.15650203E+002  0.10000000E+001
 -0.15627154E+002  0.10000000E+001
 -0.15604105E+002  0.10000000E+001
 -0.15581056E+002  0.10000000E+001
 -0.15558007E+002  0.10000000E+001
 -0.15534958E+002  0.10000000E+001
 -0.15511910E+002  0.10000000E+001
 -0.15488861E+002  0.10000000E+001
 -0.15465812E+002  0.10000000E+001
 -0.15442763E+002  0.10000000E+001
 -0.15419714E+002  0.10000000E+001
 -0.15396665E+002  0.10000000E+001
 -0.15373616E+002  0.10000000E+001
 -0.15350567E+002  0.10000000E+001
 -0.15327518E+002  0.10000000E+001
 -0.15304469E+002  0.10000000E+001
 -0.15281421E+002  0.10000000E+001
 -0.15258372E+002  0.10000000E+001
 -0.15235323E+002  0.10000000E+001
 -0.15212274E+002  0.10000000E+001
 -0.15189225E+002  0.10000000E+001
 -0.15166176E+002  0.10000000E+001
 -0.15143127E+002  0.10000000E+001
 -0.15120078E+002  0.10000000E+001
 -0.15097029E+002  0.10000000E+001
 -0.15073980E+002  0.10000000E+001
 -0.15050932E+002  0.10000000E+001
 -0.15027883E+002  0.10000000E+001
 -0.15004834E+002  0.10000000E+001
 -0.14981785E+002  0.10000000E+001
 -0.14958736E+002  0.10000000E+001
 -0.14935687E+002  0.10000000E+001
 -0.14912638E+002  0.10000000E+001
 -0.14889589E+002  0.10000000E+001
 -0.14866540E+002  0.10000000E+001
 -0.14843491E+002  0.10000000E+001
 -0.14820443E+002  0.10000000E+001
 -0.14797394E+002  0.10000000E+001
 -0.14774345E+002  0.10000000E+001
 -0.14751296E+002  0.10000000E+001
 -0.14728247E+002  0.10000000E+001
 -0.14705198E+002  0.10000000E+001
 -0.14682149E+002  0.10000000E+001
 -0.14659100E+002  0.10000000E+001
 -0.14636051E+002  0.10000000E+001
 -0.14613002E+002  0.10000000E+001
 -0.14589954E+002  0.10000000E+001
 -0.14566905E+002  0.10000000E+001
 -0.14543856E+002  0.10000000E+001
 -0.14520807E+002  0.10000000E+001
 -0.14497758E+002  0.10000000E+001
 -0.14474709E+002  0.10000000E+001
 -0.14451660E+002  0.10000000E+001
 -0.14428611E+002  0.10000000E+001
 -0.14405562E+002  0.10000000E+001
 -0.14382513E+002  0.10000000E+001
 -0.14359465E+002  0.10000000E+001
 -0.14336416E+002  0.10000000E+001
 -0.14313367E+002  0.10000000E+001
 -0.14290318E+002  0.10000000E+001
 -0.14267269E+002  0.10000000E+001
 -0.14244220E+002  0.10000000E+001
 -0.14221171E+002  0.10000000E+001
 -0.14198122E+002  0.10000000E+001
 -0.14175073E+002  0.10000000E+001
 -0.14152024E+002  0.10000000E+001
 -0.14128976E+002  0.10000000E+001
 -0.14105927E+002  0.10000000E+001
 -0.14082878E+002  0.10000000E+001
 -0.14059829E+002  0.10000000E+001
 -0.14036780E+002  0.10000000E+001
 -0.14013731E+002  0.10000000E+001
 -0.13990682E+002  0.10000000E+001
 -0.13967633E+002  0.10000000E+001
 -0.13944584E+002  0.10000000E+001
 -0.13921535E+002  0.10000000E+001
 -0.13898487E+002  0.10000000E+001
 -0.13875438E+002  0.10000000E+001
 -0.13852389E+002  0.10000000E+001
 -0.13829340E+002  0.10000000E+001
 -0.13806291E+002  0.10000000E+001
 -0.13783242E+002  0.10000000E+001
 -0.13760193E+002  0.10000000E+001
 -0.13737144E+002  0.10000000E+001
 -0.13714095E+002  0.10000000E+001
 -0.13691046E+002  0.10000000E+001
 -0.13667998E+002  0.10000000E+001
 -0.13644949E+002  0.10000000E+001
 -0.13621900E+002  0.10000000E+001
 -0.13598851E+002  0.10000000E+001
 -0.13575802E+002  0.10000000E+001
 -0.13552753E+002  0.10000000E+001
 -0.13529704E+002  0.10000000E+001
 -0.13506655E+002  0.10000000E+001
 -0.13483606E+002  0.10000000E+001
 -0.13460558E+002  0.10000000E+001
 -0.13437509E+002  0.10000000E+001
 -0.13414460E+002  0.10000000E+001
 -0.13391411E+002  0.10000000E+001
 -0.13368362E+002  0.10000000E+001
 -0.13345313E+002  0.10000000E+001
 -0.13322264E+002  0.10000000E+001
 -0.13299215E+002  0.10000000E+001
 -0.13276166E+002  0.10000000E+001
 -0.13253117E+002  0.10000000E+001
 -0.13230069E+002  0.10000000E+001
 -0.13207020E+002  0.10000000E+001
 -0.13183971E+002  0.10000000E+001
 -0.13160922E+002  0.10000000E+001
 -0.13137873E+002  0.10000000E+001
 -0.13114824E+002  0.10000000E+001
 -0.13091775E+002  0.10000000E+001
 -0.13068726E+002  0.10000000E+001
 -0.13045677E+002  0.10000000E+001
 -0.13022628E+002  0.10000000E+001
 -0.12999580E+002  0.10000000E+001
 -0.12976531E+002  0.10000000E+001
 -0.12953482E+002  0.10000000E+001
 -0.12930433E+002  0.10000000E+001
 -0.12907384E+002  0.10000000E+001
 -0.12884335E+002  0.10000000E+001
 -0.12861286E+002  0.10000000E+001
 -0.12838237E+002  0.10000000E+001
 -0.12815188E+002  0.10000000E+001
 -0.12792139E+002  0.10000000E+001
 -0.12769091E+002  0.10000000E+001
 -0.12746042E+002  0.10000000E+001
 -0.12722993E+002  0.10000000E+001
 -0.12699944E+002  0.10000000E+001
 -0.12676895E+002  0.10000000E+001
 -0.12653846E+002  0.10000000E+001
 -0.12630797E+002  0.10000000E+001
 -0.12607748E+002  0.10000000E+001
 -0.12584699E+002  0.10000000E+001
 -0.12561650E+002  0.10000000E+001
 -0.12538602E+002  0.10000000E+001
 -0.12515553E+002  0.10000000E+001
 -0.12492504E+002  0.10000000E+001
 -0.12469455E+002  0.10000000E+001
 -0.12446406E+002  0.10000000E+001
 -0.12423357E+002  0.10000000E+001
 -0.12400308E+002  0.10000000E+001
 -0.12377259E+002  0.10000000E+001
 -0.12354210E+002  0.10000000E+001
 -0.12331161E+002  0.10000000E+001
 -0.12308113E+002  0.10000000E+001
 -0.12285064E+002  0.10000000E+001
 -0.12262015E+002  0.10000000E+001
 -0.12238966E+002  0.10000000E+001
 -0.12215917E+002  0.10000000E+001
 -0.12192868E+002  0.10000000E+001
 -0.12169819E+002  0.10000000E+001
 -0.12146770E+002  0.10000000E+001
 -0.12123721E+002  0.10000000E+001
 -0.12100672E+002  0.10000000E+001
 -0.12077624E+002  0.10000000E+001
 -0.12054575E+002  0.10000000E+001
 -0.12031526E+002  0.10000000E+001
 -0.12008477E+002  0.10000000E+001
 -0.11985428E+002  0.10000000E+001
 -0.11962379E+002  0.10000000E+001
 -0.11939330E+002  0.10000000E+001
 -0.11916281E+002  0.10000000E+001
 -0.11893232E+002  0.10000000E+001
 -0.11870183E+002  0.10000000E+001
 -0.11847135E+002  0.10000000E+001
 -0.11824086E+002  0.10000000E+001
 -0.11801037E+002  0.10000000E+001
 -0.11777988E+002  0.10000000E+001
 -0.11754939E+002  0.10000000E+001
 -0.11731890E+002  0.10000000E+001
 -0.11708841E+002  0.10000000E+001
 -0.11685792E+002  0.10000000E+001
 -0.11662743E+002  0.10000000E+001
 -0.11639694E+002  0.10000000E+001
 -0.11616646E+002  0.10000000E+001
 -0.11593597E+002  0.10000000E+001
 -0.11570548E+002  0.10000000E+001
 -0.11547499E+002  0.10000000E+001
 -0.11524450E+002  0.10000000E+001
 -0.11501401E+002  0.10000000E+001
 -0.11478352E+002  0.10000000E+001
 -0.11455303E+002  0.10000000E+001
 -0.11432254E+002  0.10000000E+001
 -0.11409205E+002  0.10000000E+001
 -0.11386157E+002  0.10000000E+001
 -0.11363108E+002  0.10000000E+001
 -0.11340059E+002  0.10000000E+001
 -0.11317010E+002  0.10000000E+001
 -0.11293961E+002  0.10000000E+001
 -0.11270912E+002  0.10000000E+001
 -0.11247863E+002  0.10000000E+001
 -0.11224814E+002  0.10000000E+001
 -0.11201765E+002  0.10000000E+001
 -0.11178716E+002  0.10000000E+001
 -0.11155668E+002  0.10000000E+001
 -0.11132619E+002  0.10000000E+001
 -0.11109570E+002  0.10000000E+001
 -0.11086521E+002  0.10000000E+001
 -0.11063472E+002  0.10000000E+001
 -0.11040423E+002  0.10000000E+001
 -0.11017374E+002  0.10000000E+001
 -0.10994325E+002  0.10000000E+001
 -0.10971276E+002  0.10000000E+001
 -0.10948227E+002  0.10000000E+001
 -0.10925179E+002  0.10000000E+001
 -0.10902130E+002  0.10000000E+001
 -0.10879081E+002  0.10000000E+001
 -0.10856032E+002  0.10000000E+001
 -0.10832983E+002  0.10000000E+001
 -0.10809934E+002  0.10000000E+001
 -0.10786885E+002  0.10000000E+001
 -0.10763836E+002  0.10000000E+001
 -0.10740787E+002  0.10000000E+001
 -0.10717738E+002  0.10000000E+001
 -0.10694690E+002  0.10000000E+001
 -0.10671641E+002  0.10000000E+001
 -0.10648592E+002  0.10000000E+001
 -0.10625543E+002  0.10000000E+001
 -0.10602494E+002  0.10000000E+001
 -0.10579445E+002  0.10000000E+001
 -0.10556396E+002  0.10000000E+001
 -0.10533347E+002  0.10000000E+001
 -0.10510298E+002  0.10000000E+001
 -0.10487249E+002  0.10000000E+001
 -0.10464201E+002  0.10000000E+001
 -0.10441152E+002  0.10000000E+001
 -0.10418103E+002  0.10000000E+001
 -0.10395054E+002  0.10000000E+001
 -0.10372005E+002  0.10000000E+001
 -0.10348956E+002  0.10000000E+001
 -0.10325907E+002  0.10000000E+001
 -0.10302858E+002  0.10000000E+001
 -0.10279809E+002  0.10000000E+001
 -0.10256760E+002  0.10000000E+001
 -0.10233712E+002  0.10000000E+001
 -0.10210663E+002  0.10000000E+001
 -0.10187614E+002  0.10000000E+001
 -0.10164565E+002  0.10000000E+001
 -0.10141516E+002  0.10000000E+001
 -0.10118467E+002  0.10000000E+001
 -0.10095418E+002  0.10000000E+001
 -0.10072369E+002  0.10000000E+001
 -0.10049320E+002  0.10000000E+001
 -0.10026271E+002  0.10000000E+001
 -0.10003223E+002  0.10000000E+001
 -0.99801736E+001  0.10000000E+001
 -0.99571247E+001  0.10000000E+001
 -0.99340758E+001  0.10000000E+001
 -0.99110269E+001  0.10000000E+001
 -0.98879780E+001  0.10000000E+001
 -0.98649291E+001  0.10000000E+001
 -0.98418802E+001  0.10000000E+001
 -0.98188313E+001  0.10000000E+001
 -0.97957824E+001  0.10000000E+001
 -0.97727335E+001  0.10000000E+001
 -0.97496846E+001  0.10000000E+001
 -0.97266357E+001  0.10000000E+001
 -0.97035868E+001  0.10000000E+001
 -0.96805379E+001  0.10000000E+001
 -0.96574890E+001  0.10000000E+001
 -0.96344401E+001  0.10000000E+001
 -0.96113912E+001  0.10000000E+001
 -0.95883423E+001  0.10000000E+001
 -0.95652934E+001  0.10000000E+001
 -0.95422445E+001  0.10000000E+001
 -0.95191956E+001  0.10000000E+001
 -0.94961467E+001  0.10000000E+001
 -0.94730978E+001  0.10000000E+001
 -0.94500489E+001  0.10000000E+001
 -0.94270000E+001  0.10000000E+001
 -0.94039511E+001  0.10000000E+001
 -0.93809022E+001  0.10000000E+001
 -0.93578533E+001  0.10000000E+001
 -0.93348044E+001  0.10000000E+001
 -0.93117555E+001  0.10000000E+001
 -0.92887066E+001  0.10000000E+001
 -0.92656577E+001  0.10000000E+001
 -0.92426088E+001  0.10000000E+001
 -0.92195599E+001  0.10000000E+001
 -0.91965110E+001  0.10000000E+001
 -0.91734621E+001  0.10000000E+001
 -0.91504132E+001  0.10000000E+001
 -0.91273643E+001  0.10000000E+001
 -0.91043154E+001  0.10000000E+001
 -0.90812665E+001  0.10000000E+001
 -0.90582176E+001  0.10000000E+001
 -0.90351687E+001  0.10000000E+001
 -0.90121198E+001  0.10000000E+001
 -0.89890709E+001  0.10000000E+001
 -0.89660220E+001  0.10000000E+001
 -0.89429731E+001  0.10000000E+001
 -0.89199242E+001  0.10000000E+001
 -0.88968753E+001  0.10000000E+001
 -0.88738264E+001  0.10000000E+001
 -0.88507775E+001  0.10000000E+001
 -0.88277286E+001  0.10000000E+001
 -0.88046797E+001  0.10000000E+001
 -0.87816308E+001  0.10000000E+001
 -0.87585819E+001  0.10000000E+001
 -0.87355330E+001  0.10000000E+001
 -0.87124841E+001  0.10000000E+001
 -0.86894352E+001  0.10000000E+001
 -0.86663863E+001  0.10000000E+001
 -0.86433374E+001  0.10000000E+001
 -0.86202885E+001  0.10000000E+001
 -0.85972396E+001  0.10000000E+001
 -0.85741907E+001  0.10000000E+001
 -0.85511418E+001  0.10000000E+001
 -0.85280929E+001  0.10000000E+001
 -0.85050440E+001  0.10000000E+001
 -0.84819951E+001  0.10000000E+001
 -0.84589462E+001  0.10000000E+001
 -0.84358973E+001  0.10000000E+001
 -0.84128484E+001  0.10000000E+001
 -0.83897995E+001  0.10000000E+001
 -0.83667506E+001  0.10000000E+001
 -0.83437017E+001  0.10000000E+001
 -0.83206528E+001  0.10000000E+001
 -0.82976039E+001  0.10000000E+001
 -0.82745550E+001  0.10000000E+001
 -0.82515061E+001  0.10000000E+001
 -0.82284572E+001  0.10000000E+001
 -0.82054083E+001  0.10000000E+001
 -0.81823594E+001  0.10000000E+001
 -0.81593105E+001  0.10000000E+001
 -0.81362616E+001  0.10000000E+001
 -0.81132127E+001  0.10000000E+001
 -0.80901638E+001  0.10000000E+001
 -0.80671149E+001  0.10000000E+001
 -0.80440660E+001  0.10000000E+001
 -0.80210171E+001  0.10000000E+001
 -0.79979682E+001  0.10000000E+001
 -0.79749193E+001  0.10000000E+001
 -0.79518704E+001  0.10000000E+001
 -0.79288215E+001  0.10000000E+001
 -0.79057726E+001  0.99999999E+000
 -0.78827237E+001  0.99999999E+000
 -0.78596748E+001  0.99999998E+000
 -0.78366259E+001  0.99999997E+000
 -0.78135770E+001  0.99999996E+000
 -0.77905281E+001  0.99999993E+000
 -0.77674792E+001  0.99999988E+000
 -0.77444303E+001  0.99999980E+000
 -0.77213814E+001  0.99999964E+000
 -0.76983325E+001  0.99999937E+000
 -0.76752836E+001  0.99999889E+000
 -0.76522347E+001  0.99999798E+000
 -0.76291858E+001  0.99999630E+000
 -0.76061369E+001  0.99999311E+000
 -0.75830880E+001  0.99998697E+000
 -0.75600391E+001  0.99997496E+000
 -0.75369902E+001  0.99995112E+000
 -0.75139413E+001  0.99990300E+000
 -0.74908924E+001  0.99980426E+000
 -0.74678435E+001  0.99959824E+000
 -0.74447946E+001  0.99916115E+000
 -0.74217457E+001  0.99821855E+000
 -0.73986968E+001  0.99615515E+000
 -0.73756479E+001  0.99158656E+000
 -0.73525990E+001  0.98144326E+000
 -0.73295501E+001  0.96435015E+000
 -0.73065012E+001  0.93562949E+000
 -0.72834523E+001  0.89713009E+000
 -0.72604034E+001  0.85193575E+000
 -0.72373545E+001  0.80300297E+000
 -0.72143056E+001  0.75227224E+000
 -0.71912567E+001  0.70074470E+000
 -0.71682078E+001  0.64882814E+000
 -0.71451589E+001  0.59665060E+000
 -0.71221100E+001  0.54427654E+000
 -0.70990611E+001  0.49183766E+000
 -0.70760122E+001  0.43960258E+000
 -0.70529633E+001  0.38800337E+000
 -0.70299144E+001  0.33762902E+000
 -0.70068655E+001  0.28919063E+000
 -0.69838166E+001  0.24346215E+000
 -0.69607677E+001  0.20120267E+000
 -0.69377188E+001  0.16307077E+000
 -0.69146699E+001  0.12954535E+000
 -0.68916210E+001  0.10086901E+000
 -0.68685721E+001  0.77026119E-001
 -0.68455232E+001  0.57759904E-001
 -0.68224743E+001  0.42622883E-001
 -0.67994254E+001  0.31046869E-001
 -0.67763765E+001  0.22415981E-001
 -0.67533277E+001  0.16128710E-001
 -0.67302788E+001  0.11641340E-001
 -0.67072299E+001  0.84916168E-002
 -0.66841810E+001  0.63062022E-002
 -0.66611321E+001  0.47971084E-002
 -0.66380832E+001  0.37516465E-002
 -0.66150343E+001  0.30190762E-002
 -0.65919854E+001  0.24963205E-002
 -0.65689365E+001  0.21147263E-002
 -0.65458876E+001  0.18292200E-002
 -0.65228387E+001  0.16102847E-002
 -0.64997898E+001  0.14384528E-002
 -0.64767409E+001  0.13007056E-002
 -0.64536920E+001  0.11881789E-002
 -0.64306431E+001  0.10947155E-002
 -0.64075942E+001  0.10159493E-002
 -0.63845453E+001  0.94872144E-003
 -0.63614964E+001  0.89070133E-003
 -0.63384475E+001  0.84013828E-003
 -0.63153986E+001  0.79569474E-003
 -0.62923497E+001  0.75633287E-003
 -0.62693008E+001  0.72123590E-003
 -0.62462519E+001  0.68975263E-003
 -0.62232030E+001  0.66135778E-003
 -0.62001541E+001  0.63562301E-003
 -0.61771052E+001  0.61219563E-003
 -0.61540563E+001  0.59078262E-003
 -0.61310074E+001  0.57113855E-003
 -0.61079585E+001  0.55305627E-003
 -0.60849096E+001  0.53635977E-003
 -0.60618607E+001  0.52089851E-003
 -0.60388118E+001  0.50654298E-003
 -0.60157629E+001  0.49318117E-003
 -0.59927140E+001  0.48071569E-003
 -0.59696651E+001  0.46906147E-003
 -0.59466162E+001  0.45814387E-003
 -0.59235673E+001  0.44789712E-003
 -0.59005184E+001  0.43826305E-003
 -0.58774695E+001  0.42919003E-003
 -0.58544206E+001  0.42063205E-003
 -0.58313717E+001  0.41254801E-003
 -0.58083228E+001  0.40490105E-003
 -0.57852739E+001  0.39765804E-003
 -0.57622250E+001  0.39078909E-003
 -0.57391761E+001  0.38426722E-003
 -0.57161272E+001  0.37806794E-003
 -0.56930783E+001  0.37216904E-003
 -0.56700294E+001  0.36655026E-003
 -0.56469805E+001  0.36119315E-003
 -0.56239316E+001  0.35608083E-003
 -0.56008827E+001  0.35119783E-003
 -0.55778338E+001  0.34652996E-003
 -0.55547849E+001  0.34206417E-003
 -0.55317360E+001  0.33778844E-003
 -0.55086871E+001  0.33369168E-003
 -0.54856382E+001  0.32976365E-003
 -0.54625893E+001  0.32599486E-003
 -0.54395404E+001  0.32237652E-003
 -0.54164915E+001  0.31890047E-003
 -0.53934426E+001  0.31555913E-003
 -0.53703937E+001  0.31234545E-003
 -0.53473448E+001  0.30925284E-003
 -0.53242959E+001  0.30627517E-003
 -0.53012470E+001  0.30340671E-003
 -0.52781981E+001  0.30064210E-003
 -0.52551492E+001  0.29797631E-003
 -0.52321003E+001  0.29540466E-003
 -0.52090514E+001  0.29292271E-003
 -0.51860025E+001  0.29052633E-003
 -0.51629536E+001  0.28821163E-003
 -0.51399047E+001  0.28597492E-003
 -0.51168558E+001  0.28381277E-003
 -0.50938069E+001  0.28172192E-003
 -0.50707580E+001  0.27969929E-003
 -0.50477091E+001  0.27774198E-003
 -0.50246602E+001  0.27584726E-003
 -0.50016113E+001  0.27401253E-003
 -0.49785624E+001  0.27223534E-003
 -0.49555135E+001  0.27051335E-003
 -0.49324646E+001  0.26884438E-003
 -0.49094157E+001  0.26722632E-003
 -0.48863668E+001  0.26565720E-003
 -0.48633179E+001  0.26413513E-003
 -0.48402690E+001  0.26265831E-003
 -0.48172201E+001  0.26122504E-003
 -0.47941712E+001  0.25983371E-003
 -0.47711223E+001  0.25848276E-003
 -0.47480734E+001  0.25717072E-003
 -0.47250245E+001  0.25589619E-003
 -0.47019756E+001  0.25465784E-003
 -0.46789267E+001  0.25345437E-003
 -0.46558778E+001  0.25228458E-003
 -0.46328289E+001  0.25114729E-003
 -0.46097800E+001  0.25004139E-003
 -0.45867311E+001  0.24896581E-003
 -0.45636822E+001  0.24791953E-003
 -0.45406333E+001  0.24690158E-003
 -0.45175844E+001  0.24591102E-003
 -0.44945355E+001  0.24494695E-003
 -0.44714866E+001  0.24400851E-003
 -0.44484377E+001  0.24309488E-003
 -0.44253888E+001  0.24220526E-003
 -0.44023399E+001  0.24133889E-003
 -0.43792910E+001  0.24049505E-003
 -0.43562421E+001  0.23967303E-003
 -0.43331932E+001  0.23887216E-003
 -0.43101443E+001  0.23809178E-003
 -0.42870954E+001  0.23733129E-003
 -0.42640465E+001  0.23659007E-003
 -0.42409976E+001  0.23586755E-003
 -0.42179487E+001  0.23516317E-003
 -0.41948998E+001  0.23447640E-003
 -0.41718509E+001  0.23380672E-003
 -0.41488020E+001  0.23315363E-003
 -0.41257531E+001  0.23251666E-003
 -0.41027042E+001  0.23189533E-003
 -0.40796553E+001  0.23128921E-003
 -0.40566064E+001  0.23069786E-003
 -0.40335575E+001  0.23012087E-003
 -0.40105086E+001  0.22955784E-003
 -0.39874597E+001  0.22900837E-003
 -0.39644108E+001  0.22847209E-003
 -0.39413619E+001  0.22794864E-003
 -0.39183130E+001  0.22743766E-003
 -0.38952641E+001  0.22693883E-003
 -0.38722152E+001  0.22645181E-003
 -0.38491663E+001  0.22597628E-003
 -0.38261174E+001  0.22551194E-003
 -0.38030685E+001  0.22505849E-003
 -0.37800196E+001  0.22461564E-003
 -0.37569707E+001  0.22418312E-003
 -0.37339218E+001  0.22376065E-003
 -0.37108729E+001  0.22334797E-003
 -0.36878240E+001  0.22294482E-003
 -0.36647751E+001  0.22255097E-003
 -0.36417262E+001  0.22216618E-003
 -0.36186773E+001  0.22179020E-003
 -0.35956284E+001  0.22142283E-003
 -0.35725795E+001  0.22106383E-003
 -0.35495306E+001  0.22071300E-003
 -0.35264817E+001  0.22037014E-003
 -0.35034328E+001  0.22003505E-003
 -0.34803839E+001  0.21970753E-003
 -0.34573350E+001  0.21938739E-003
 -0.34342861E+001  0.21907446E-003
 -0.34112372E+001  0.21876855E-003
 -0.33881883E+001  0.21846949E-003
 -0.33651394E+001  0.21817713E-003
 -0.33420905E+001  0.21789129E-003
 -0.33190416E+001  0.21761181E-003
 -0.32959927E+001  0.21733855E-003
 -0.32729438E+001  0.21707135E-003
 -0.32498949E+001  0.21681007E-003
 -0.32268460E+001  0.21655457E-003
 -0.32037971E+001  0.21630471E-003
 -0.31807482E+001  0.21606035E-003
 -0.31576993E+001  0.21582137E-003
 -0.31346504E+001  0.21558764E-003
 -0.31116015E+001  0.21535904E-003
 -0.30885526E+001  0.21513544E-003
 -0.30655037E+001  0.21491674E-003
 -0.30424548E+001  0.21470281E-003
 -0.30194059E+001  0.21449354E-003
 -0.29963570E+001  0.21428883E-003
 -0.29733081E+001  0.21408858E-003
 -0.29502592E+001  0.21389267E-003
 -0.29272103E+001  0.21370101E-003
 -0.29041614E+001  0.21351351E-003
 -0.28811125E+001  0.21333006E-003
 -0.28580636E+001  0.21315058E-003
 -0.28350147E+001  0.21297497E-003
 -0.28119658E+001  0.21280316E-003
 -0.27889169E+001  0.21263504E-003
 -0.27658680E+001  0.21247054E-003
 -0.27428191E+001  0.21230958E-003
 -0.27197702E+001  0.21215208E-003
 -0.26967213E+001  0.21199796E-003
 -0.26736724E+001  0.21184714E-003
 -0.26506235E+001  0.21169955E-003
 -0.26275746E+001  0.21155513E-003
 -0.26045257E+001  0.21141379E-003
 -0.25814768E+001  0.21127547E-003
 -0.25584279E+001  0.21114011E-003
 -0.25353790E+001  0.21100764E-003
 -0.25123301E+001  0.21087799E-003
 -0.24892812E+001  0.21075110E-003
 -0.24662323E+001  0.21062692E-003
 -0.24431834E+001  0.21050538E-003
 -0.24201345E+001  0.21038643E-003
 -0.23970856E+001  0.21027001E-003
 -0.23740367E+001  0.21015606E-003
 -0.23509878E+001  0.21004454E-003
 -0.23279389E+001  0.20993538E-003
 -0.23048900E+001  0.20982854E-003
 -0.22818411E+001  0.20972397E-003
 -0.22587922E+001  0.20962161E-003
 -0.22357433E+001  0.20952143E-003
 -0.22126944E+001  0.20942337E-003
 -0.21896455E+001  0.20932740E-003
 -0.21665966E+001  0.20923345E-003
 -0.21435477E+001  0.20914150E-003
 -0.21204988E+001  0.20905150E-003
 -0.20974499E+001  0.20896340E-003
 -0.20744010E+001  0.20887717E-003
 -0.20513521E+001  0.20879278E-003
 -0.20283032E+001  0.20871017E-003
 -0.20052543E+001  0.20862931E-003
 -0.19822054E+001  0.20855017E-003
 -0.19591565E+001  0.20847270E-003
 -0.19361076E+001  0.20839689E-003
 -0.19130587E+001  0.20832268E-003
 -0.18900098E+001  0.20825005E-003
 -0.18669609E+001  0.20817896E-003
 -0.18439120E+001  0.20810939E-003
 -0.18208631E+001  0.20804130E-003
 -0.17978142E+001  0.20797466E-003
 -0.17747653E+001  0.20790944E-003
 -0.17517164E+001  0.20784562E-003
 -0.17286675E+001  0.20778316E-003
 -0.17056186E+001  0.20772204E-003
 -0.16825697E+001  0.20766222E-003
 -0.16595208E+001  0.20760370E-003
 -0.16364719E+001  0.20754643E-003
 -0.16134230E+001  0.20749039E-003
 -0.15903741E+001  0.20743557E-003
 -0.15673252E+001  0.20738193E-003
 -0.15442763E+001  0.20732945E-003
 -0.15212274E+001  0.20727812E-003
 -0.14981785E+001  0.20722790E-003
 -0.14751296E+001  0.20717878E-003
 -0.14520807E+001  0.20713073E-003
 -0.14290318E+001  0.20708375E-003
 -0.14059829E+001  0.20703779E-003
 -0.13829340E+001  0.20699286E-003
 -0.13598851E+001  0.20694893E-003
 -0.13368362E+001  0.20690597E-003
 -0.13137873E+001  0.20686398E-003
 -0.12907384E+001  0.20682293E-003
 -0.12676895E+001  0.20678281E-003
 -0.12446406E+001  0.20674361E-003
 -0.12215917E+001  0.20670530E-003
 -0.11985428E+001  0.20666787E-003
 -0.11754939E+001  0.20663131E-003
 -0.11524450E+001  0.20659560E-003
 -0.11293961E+001  0.20656073E-003
 -0.11063472E+001  0.20652668E-003
 -0.10832983E+001  0.20649345E-003
 -0.10602494E+001  0.20646101E-003
 -0.10372005E+001  0.20642936E-003
 -0.10141516E+001  0.20639848E-003
 -0.99110269E+000  0.20636836E-003
 -0.96805379E+000  0.20633899E-003
 -0.94500489E+000  0.20631036E-003
 -0.92195599E+000  0.20628246E-003
 -0.89890709E+000  0.20625528E-003
 -0.87585819E+000  0.20622880E-003
 -0.85280929E+000  0.20620302E-003
 -0.82976039E+000  0.20617792E-003
 -0.80671149E+000  0.20615351E-003
 -0.78366259E+000  0.20612976E-003
 -0.76061369E+000  0.20610666E-003
 -0.73756479E+000  0.20608422E-003
 -0.71451589E+000  0.20606241E-003
 -0.69146699E+000  0.20604124E-003
 -0.66841810E+000  0.20602068E-003
 -0.64536920E+000  0.20600074E-003
 -0.62232030E+000  0.20598140E-003
 -0.59927140E+000  0.20596266E-003
 -0.57622250E+000  0.20594450E-003
 -0.55317360E+000  0.20592691E-003
 -0.53012470E+000  0.20590989E-003
 -0.50707580E+000  0.20589343E-003
 -0.48402690E+000  0.20587752E-003
 -0.46097800E+000  0.20586214E-003
 -0.43792910E+000  0.20584729E-003
 -0.41488020E+000  0.20583296E-003
 -0.39183130E+000  0.20581914E-003
 -0.36878240E+000  0.20580582E-003
 -0.34573350E+000  0.20579298E-003
 -0.32268460E+000  0.20578063E-003
 -0.29963570E+000  0.20576874E-003
 -0.27658680E+000  0.20575730E-003
 -0.25353790E+000  0.20574631E-003
 -0.23048900E+000  0.20573576E-003
 -0.20744010E+000  0.20572562E-003
 -0.18439120E+000  0.20571590E-003
 -0.16134230E+000  0.20570658E-003
 -0.13829340E+000  0.20569765E-003
 -0.11524450E+000  0.20568910E-003
 -0.92195599E-001  0.20568091E-003
 -0.69146699E-001  0.20567307E-003
 -0.46097800E-001  0.20566558E-003
 -0.23048900E-001  0.20565842E-003
  0.39569042E-012  0.20565158E-003
