   0.14505561E+21
   0.14559348E+21
   0.14613185E+21
   0.14667123E+21
   0.14721214E+21
   0.14775508E+21
   0.14830045E+21
   0.14884823E+21
   0.14939830E+21
   0.14995052E+21
   0.15050478E+21
   0.15106097E+21
   0.15161911E+21
   0.15217924E+21
   0.15274141E+21
   0.15330565E+21
   0.15387201E+21
   0.15444050E+21
   0.15501110E+21
   0.15558382E+21
   0.15615865E+21
   0.15673560E+21
   0.15731467E+21
   0.15789588E+21
   0.15847923E+21
   0.15906474E+21
   0.15965242E+21
   0.16024226E+21
   0.16083429E+21
   0.16142850E+21
   0.16202492E+21
   0.16262353E+21
   0.16322435E+21
   0.16382740E+21
   0.16443267E+21
   0.16504018E+21
   0.16564993E+21
   0.16626193E+21
   0.16687620E+21
   0.16749274E+21
   0.16811155E+21
   0.16873265E+21
   0.16935605E+21
   0.16998174E+21
   0.17060975E+21
   0.17124008E+21
   0.17187274E+21
   0.17250774E+21
   0.17314508E+21
   0.17378478E+21
   0.17442684E+21
   0.17507127E+21
   0.17571808E+21
   0.17636729E+21
   0.17701889E+21
   0.17767290E+21
   0.17832932E+21
   0.17898817E+21
   0.17964946E+21
   0.18031318E+21
   0.18097936E+21
   0.18164801E+21
   0.18231912E+21
   0.18299271E+21
   0.18366879E+21
   0.18434736E+21
   0.18502845E+21
   0.18571205E+21
   0.18639818E+21
   0.18708684E+21
   0.18777804E+21
   0.18847180E+21
   0.18916812E+21
   0.18986702E+21
   0.19056850E+21
   0.19127256E+21
   0.19197923E+21
   0.19268851E+21
   0.19340042E+21
   0.19411495E+21
   0.19483212E+21
   0.19555194E+21
   0.19627442E+21
   0.19699957E+21
   0.19772740E+21
   0.19845791E+21
   0.19919113E+21
   0.19992706E+21
   0.20066570E+21
   0.20140707E+21
   0.20215119E+21
   0.20289805E+21
   0.20364767E+21
   0.20440006E+21
   0.20515523E+21
   0.20591319E+21
   0.20667395E+21
   0.20743752E+21
   0.20820391E+21
   0.20897314E+21
   0.20974520E+21
   0.21052012E+21
   0.21129790E+21
   0.21207855E+21
   0.21286209E+21
   0.21364853E+21
   0.21443787E+21
   0.21523012E+21
   0.21602530E+21
   0.21682342E+21
   0.21762449E+21
   0.21842852E+21
   0.21923552E+21
   0.22004550E+21
   0.22085847E+21
   0.22167445E+21
   0.22249344E+21
   0.22331546E+21
   0.22414051E+21
   0.22496861E+21
   0.22579977E+21
   0.22663401E+21
   0.22747132E+21
   0.22831173E+21
   0.22915524E+21
   0.23000187E+21
   0.23085163E+21
   0.23170452E+21
   0.23256057E+21
   0.23341978E+21
   0.23428216E+21
   0.23514774E+21
   0.23601650E+21
   0.23688848E+21
   0.23776368E+21
   0.23864212E+21
   0.23952379E+21
   0.24040873E+21
   0.24129694E+21
   0.24218842E+21
   0.24308320E+21
   0.24398129E+21
   0.24488269E+21
   0.24578743E+21
   0.24669551E+21
   0.24760694E+21
   0.24852174E+21
   0.24943992E+21
   0.25036149E+21
   0.25128646E+21
   0.25221486E+21
   0.25314668E+21
   0.25408195E+21
   0.25502067E+21
   0.25596286E+21
   0.25690853E+21
   0.25785769E+21
   0.25881037E+21
   0.25976656E+21
   0.26072628E+21
   0.26168955E+21
   0.26265638E+21
   0.26362678E+21
   0.26460076E+21
   0.26557835E+21
   0.26655954E+21
   0.26754436E+21
   0.26853282E+21
   0.26952493E+21
   0.27052071E+21
   0.27152016E+21
   0.27252331E+21
   0.27353016E+21
   0.27454074E+21
   0.27555504E+21
   0.27657310E+21
   0.27759491E+21
   0.27862051E+21
   0.27964989E+21
   0.28068307E+21
   0.28172007E+21
   0.28276090E+21
   0.28380558E+21
   0.28485411E+21
   0.28590652E+21
   0.28696282E+21
   0.28802302E+21
   0.28908714E+21
   0.29015519E+21
   0.29122718E+21
   0.29230314E+21
   0.29338307E+21
   0.29446699E+21
   0.29555491E+21
   0.29664686E+21
   0.29774284E+21
   0.29884286E+21
   0.29994696E+21
   0.30105513E+21
   0.30216739E+21
   0.30328376E+21
   0.30440426E+21
   0.30552890E+21
   0.30665769E+21
   0.30779066E+21
   0.30892781E+21
   0.31006916E+21
   0.31121473E+21
   0.31236452E+21
   0.31351857E+21
   0.31467688E+21
   0.31583947E+21
   0.31700636E+21
   0.31817756E+21
   0.31935308E+21
   0.32053295E+21
   0.32171717E+21
   0.32290577E+21
   0.32409876E+21
   0.32529616E+21
   0.32649799E+21
   0.32770425E+21
   0.32891497E+21
   0.33013016E+21
   0.33134985E+21
   0.33257404E+21
   0.33380275E+21
   0.33503600E+21
   0.33627381E+21
   0.33751619E+21
   0.33876316E+21
   0.34001473E+21
   0.34127093E+21
   0.34253178E+21
   0.34379728E+21
   0.34506745E+21
   0.34634232E+21
   0.34762190E+21
   0.34890620E+21
   0.35019525E+21
   0.35148907E+21
   0.35278766E+21
   0.35409105E+21
   0.35539926E+21
   0.35671230E+21
   0.35803019E+21
   0.35935294E+21
   0.36068059E+21
   0.36201314E+21
   0.36335061E+21
   0.36469303E+21
   0.36604040E+21
   0.36739276E+21
   0.36875011E+21
   0.37011247E+21
   0.37147987E+21
   0.37285231E+21
   0.37422983E+21
   0.37561244E+21
   0.37700016E+21
   0.37839300E+21
   0.37979099E+21
   0.38119414E+21
   0.38260248E+21
   0.38401602E+21
   0.38543478E+21
   0.38685879E+21
   0.38828805E+21
   0.38972260E+21
   0.39116245E+21
   0.39260761E+21
   0.39405812E+21
   0.39551398E+21
   0.39697522E+21
   0.39844186E+21
   0.39991392E+21
   0.40139142E+21
   0.40287437E+21
   0.40436281E+21
   0.40585674E+21
   0.40735619E+21
   0.40886119E+21
   0.41037174E+21
   0.41188787E+21
   0.41340961E+21
   0.41493696E+21
   0.41646996E+21
   0.41800863E+21
   0.41955297E+21
   0.42110303E+21
   0.42265881E+21
   0.42422033E+21
   0.42578763E+21
   0.42736072E+21
   0.42893962E+21
   0.43052435E+21
   0.43211493E+21
   0.43371140E+21
   0.43531376E+21
   0.43692204E+21
   0.43853626E+21
   0.44015645E+21
   0.44178262E+21
   0.44341480E+21
   0.44505301E+21
   0.44669727E+21
   0.44834760E+21
   0.45000404E+21
   0.45166659E+21
   0.45333529E+21
   0.45501015E+21
   0.45669119E+21
   0.45837845E+21
   0.46007194E+21
   0.46177169E+21
   0.46347772E+21
   0.46519005E+21
   0.46690871E+21
   0.46863371E+21
   0.47036509E+21
   0.47210287E+21
   0.47384707E+21
   0.47559771E+21
   0.47735481E+21
   0.47911841E+21
   0.48088853E+21
   0.48266518E+21
   0.48444840E+21
   0.48623820E+21
   0.48803462E+21
   0.48983768E+21
   0.49164739E+21
   0.49346379E+21
   0.49528691E+21
   0.49711675E+21
   0.49895336E+21
   0.50079675E+21
   0.50264696E+21
   0.50450400E+21
   0.50636790E+21
   0.50823868E+21
   0.51011638E+21
   0.51200101E+21
   0.51389261E+21
   0.51579119E+21
   0.51769679E+21
   0.51960943E+21
   0.52152914E+21
   0.52345593E+21
   0.52538985E+21
   0.52733091E+21
   0.52927914E+21
   0.53123457E+21
   0.53319723E+21
   0.53516713E+21
   0.53714431E+21
   0.53912880E+21
   0.54112062E+21
   0.54311979E+21
   0.54512636E+21
   0.54714033E+21
   0.54916175E+21
   0.55119063E+21
   0.55322701E+21
   0.55527091E+21
   0.55732237E+21
   0.55938140E+21
   0.56144804E+21
   0.56352231E+21
   0.56560425E+21
   0.56769388E+21
   0.56979123E+21
   0.57189632E+21
   0.57400920E+21
   0.57612988E+21
   0.57825839E+21
   0.58039477E+21
   0.58253904E+21
   0.58469123E+21
   0.58685138E+21
   0.58901950E+21
   0.59119564E+21
   0.59337981E+21
   0.59557205E+21
   0.59777239E+21
   0.59998086E+21
   0.60219749E+21
   0.60442231E+21
   0.60665535E+21
   0.60889664E+21
   0.61114621E+21
   0.61340408E+21
   0.61567030E+21
   0.61794490E+21
   0.62022789E+21
   0.62251932E+21
   0.62481922E+21
   0.62712761E+21
   0.62944453E+21
   0.63177001E+21
   0.63410408E+21
   0.63644677E+21
   0.63879812E+21
   0.64115816E+21
   0.64352691E+21
   0.64590441E+21
   0.64829070E+21
   0.65068581E+21
   0.65308976E+21
   0.65550259E+21
   0.65792434E+21
   0.66035503E+21
   0.66279471E+21
   0.66524340E+21
   0.66770113E+21
   0.67016794E+21
   0.67264387E+21
   0.67512894E+21
   0.67762320E+21
   0.68012666E+21
   0.68263938E+21
   0.68516138E+21
   0.68769270E+21
   0.69023337E+21
   0.69278342E+21
   0.69534290E+21
   0.69791183E+21
   0.70049025E+21
   0.70307820E+21
   0.70567571E+21
   0.70828281E+21
   0.71089955E+21
   0.71352595E+21
   0.71616206E+21
   0.71880790E+21
   0.72146352E+21
   0.72412895E+21
   0.72680423E+21
   0.72948939E+21
   0.73218447E+21
   0.73488951E+21
   0.73760454E+21
   0.74032960E+21
   0.74306472E+21
   0.74580996E+21
   0.74856533E+21
   0.75133088E+21
   0.75410665E+21
   0.75689268E+21
   0.75968899E+21
   0.76249564E+21
   0.76531266E+21
   0.76814008E+21
   0.77097795E+21
   0.77382630E+21
   0.77668517E+21
   0.77955461E+21
   0.78243465E+21
   0.78532532E+21
   0.78822668E+21
   0.79113875E+21
   0.79406159E+21
   0.79699522E+21
   0.79993968E+21
   0.80289503E+21
   0.80586129E+21
   0.80883852E+21
   0.81182674E+21
   0.81482600E+21
   0.81783634E+21
   0.82085780E+21
   0.82389042E+21
   0.82693425E+21
   0.82998932E+21
   0.83305568E+21
   0.83613336E+21
   0.83922242E+21
   0.84232289E+21
   0.84543481E+21
   0.84855823E+21
   0.85169318E+21
   0.85483972E+21
   0.85799788E+21
   0.86116771E+21
   0.86434925E+21
   0.86754254E+21
   0.87074763E+21
   0.87396456E+21
   0.87719338E+21
   0.88043412E+21
   0.88368684E+21
   0.88695157E+21
   0.89022836E+21
   0.89351726E+21
   0.89681831E+21
   0.90013155E+21
   0.90345703E+21
   0.90679480E+21
   0.91014490E+21
   0.91350737E+21
   0.91688227E+21
   0.92026963E+21
   0.92366951E+21
   0.92708194E+21
   0.93050699E+21
   0.93394469E+21
   0.93739508E+21
   0.94085823E+21
   0.94433416E+21
   0.94782294E+21
   0.95132461E+21
   0.95483921E+21
   0.95836679E+21
   0.96190741E+21
   0.96546111E+21
   0.96902794E+21
   0.97260794E+21
   0.97620117E+21
   0.97980767E+21
   0.98342749E+21
   0.98706069E+21
   0.99070731E+21
   0.99436740E+21
   0.99804101E+21
   0.10017282E+22
   0.10054290E+22
   0.10091435E+22
   0.10128717E+22
   0.10166136E+22
   0.10203694E+22
   0.10241391E+22
   0.10279227E+22
   0.10317203E+22
   0.10355319E+22
   0.10393576E+22
   0.10431974E+22
   0.10470514E+22
   0.10509196E+22
   0.10548021E+22
   0.10586990E+22
   0.10626103E+22
   0.10665360E+22
   0.10704762E+22
   0.10744310E+22
   0.10784004E+22
   0.10823844E+22
   0.10863832E+22
   0.10903967E+22
   0.10944251E+22
   0.10984683E+22
   0.11025265E+22
   0.11065997E+22
   0.11106879E+22
   0.11147912E+22
   0.11189097E+22
   0.11230434E+22
   0.11271924E+22
   0.11313567E+22
   0.11355363E+22
   0.11397314E+22
   0.11439421E+22
   0.11481682E+22
   0.11524100E+22
   0.11566675E+22
   0.11609406E+22
   0.11652296E+22
   0.11695344E+22
   0.11738551E+22
   0.11781918E+22
   0.11825445E+22
   0.11869133E+22
   0.11912982E+22
   0.11956993E+22
   0.12001167E+22
   0.12045503E+22
   0.12090004E+22
   0.12134669E+22
   0.12179499E+22
   0.12224495E+22
   0.12269657E+22
   0.12314985E+22
   0.12360481E+22
   0.12406146E+22
   0.12451979E+22
   0.12497981E+22
   0.12544153E+22
   0.12590496E+22
   0.12637010E+22
   0.12683695E+22
   0.12730554E+22
   0.12777585E+22
   0.12824790E+22
   0.12872169E+22
   0.12919724E+22
   0.12967454E+22
   0.13015360E+22
   0.13063444E+22
   0.13111705E+22
   0.13160144E+22
   0.13208762E+22
   0.13257560E+22
   0.13306538E+22
   0.13355697E+22
   0.13405038E+22
   0.13454561E+22
   0.13504267E+22
   0.13554156E+22
   0.13604230E+22
   0.13654489E+22
   0.13704933E+22
   0.13755564E+22
   0.13806382E+22
   0.13857387E+22
   0.13908581E+22
   0.13959964E+22
   0.14011537E+22
   0.14063300E+22
   0.14115255E+22
   0.14167401E+22
   0.14219740E+22
   0.14272273E+22
   0.14324999E+22
   0.14377921E+22
   0.14431037E+22
   0.14484350E+22
   0.14537860E+22
   0.14591568E+22
   0.14645474E+22
   0.14699579E+22
   0.14753884E+22
   0.14808390E+22
   0.14863097E+22
   0.14918006E+22
   0.14973118E+22
   0.15028433E+22
   0.15083953E+22
   0.15139678E+22
   0.15195609E+22
   0.15251746E+22
   0.15308091E+22
   0.15364643E+22
   0.15421405E+22
   0.15478377E+22
   0.15535559E+22
   0.15592952E+22
   0.15650557E+22
   0.15708375E+22
   0.15766406E+22
   0.15824652E+22
   0.15883113E+22
   0.15941790E+22
   0.16000684E+22
   0.16059795E+22
   0.16119125E+22
   0.16178673E+22
   0.16238442E+22
   0.16298432E+22
   0.16358643E+22
   0.16419077E+22
   0.16479733E+22
   0.16540614E+22
   0.16601720E+22
   0.16663051E+22
   0.16724609E+22
   0.16786395E+22
   0.16848409E+22
   0.16910651E+22
   0.16973124E+22
   0.17035827E+22
   0.17098762E+22
   0.17161930E+22
   0.17225331E+22
   0.17288966E+22
   0.17352836E+22
   0.17416942E+22
   0.17481285E+22
   0.17545865E+22
   0.17610684E+22
   0.17675743E+22
   0.17741042E+22
   0.17806582E+22
   0.17872364E+22
   0.17938389E+22
   0.18004658E+22
   0.18071172E+22
   0.18137931E+22
   0.18204938E+22
   0.18272191E+22
   0.18339693E+22
   0.18407445E+22
   0.18475446E+22
   0.18543699E+22
   0.18612204E+22
   0.18680962E+22
   0.18749974E+22
   0.18819241E+22
   0.18888764E+22
   0.18958543E+22
   0.19028581E+22
   0.19098877E+22
   0.19169432E+22
   0.19240249E+22
   0.19311327E+22
   0.19382667E+22
   0.19454271E+22
   0.19526140E+22
   0.19598273E+22
   0.19670674E+22
   0.19743342E+22
   0.19816278E+22
   0.19889484E+22
   0.19962960E+22
   0.20036707E+22
   0.20110727E+22
   0.20185020E+22
   0.20259588E+22
   0.20334431E+22
   0.20409551E+22
   0.20484948E+22
   0.20560623E+22
   0.20636579E+22
   0.20712814E+22
   0.20789331E+22
   0.20866131E+22
   0.20943215E+22
   0.21020583E+22
   0.21098237E+22
   0.21176178E+22
   0.21254407E+22
   0.21332925E+22
   0.21411733E+22
   0.21490832E+22
   0.21570223E+22
   0.21649907E+22
   0.21729886E+22
   0.21810160E+22
   0.21890730E+22
   0.21971599E+22
   0.22052766E+22
   0.22134232E+22
   0.22216000E+22
   0.22298069E+22
   0.22380442E+22
   0.22463119E+22
   0.22546102E+22
   0.22629391E+22
   0.22712987E+22
   0.22796893E+22
   0.22881108E+22
   0.22965634E+22
   0.23050473E+22
   0.23135625E+22
   0.23221091E+22
   0.23306873E+22
   0.23392972E+22
   0.23479389E+22
   0.23566126E+22
   0.23653182E+22
   0.23740560E+22
   0.23828261E+22
   0.23916286E+22
   0.24004636E+22
   0.24093312E+22
   0.24182316E+22
   0.24271649E+22
   0.24361311E+22
   0.24451305E+22
   0.24541631E+22
   0.24632291E+22
   0.24723285E+22
   0.24814616E+22
   0.24906284E+22
   0.24998291E+22
   0.25090637E+22
   0.25183325E+22
   0.25276355E+22
   0.25369728E+22
   0.25463447E+22
   0.25557511E+22
   0.25651923E+22
   0.25746684E+22
   0.25841795E+22
   0.25937257E+22
   0.26033071E+22
   0.26129240E+22
   0.26225763E+22
   0.26322644E+22
   0.26419882E+22
   0.26517479E+22
   0.26615437E+22
   0.26713756E+22
   0.26812439E+22
   0.26911486E+22
   0.27010899E+22
   0.27110679E+22
   0.27210828E+22
   0.27311346E+22
   0.27412236E+22
   0.27513498E+22
   0.27615135E+22
   0.27717147E+22
   0.27819535E+22
   0.27922302E+22
   0.28025449E+22
   0.28128976E+22
   0.28232886E+22
   0.28337179E+22
   0.28441858E+22
   0.28546923E+22
   0.28652377E+22
   0.28758220E+22
   0.28864453E+22
   0.28971080E+22
   0.29078100E+22
   0.29185515E+22
   0.29293327E+22
   0.29401537E+22
   0.29510147E+22
   0.29619158E+22
   0.29728572E+22
   0.29838389E+22
   0.29948613E+22
   0.30059243E+22
   0.30170282E+22
   0.30281731E+22
   0.30393592E+22
   0.30505866E+22
   0.30618554E+22
   0.30731659E+22
   0.30845182E+22
   0.30959124E+22
   0.31073486E+22
   0.31188271E+22
   0.31303480E+22
   0.31419115E+22
   0.31535176E+22
   0.31651666E+22
   0.31768587E+22
   0.31885939E+22
   0.32003725E+22
   0.32121945E+22
   0.32240602E+22
   0.32359698E+22
   0.32479233E+22
   0.32599210E+22
   0.32719630E+22
   0.32840495E+22
   0.32961806E+22
   0.33083565E+22
   0.33205774E+22
   0.33328434E+22
   0.33451547E+22
   0.33575115E+22
   0.33699139E+22
   0.33823622E+22
   0.33948564E+22
   0.34073967E+22
   0.34199834E+22
   0.34326165E+22
   0.34452963E+22
   0.34580230E+22
   0.34707966E+22
   0.34836174E+22
   0.34964856E+22
   0.35094012E+22
   0.35223646E+22
   0.35353759E+22
   0.35484352E+22
   0.35615427E+22
   0.35746987E+22
   0.35879032E+22
   0.36011565E+22
   0.36144588E+22
   0.36278102E+22
   0.36412109E+22
   0.36546610E+22
   0.36681609E+22
   0.36817106E+22
   0.36953103E+22
   0.37089603E+22
   0.37226607E+22
   0.37364117E+22
   0.37502134E+22
   0.37640662E+22
   0.37779700E+22
   0.37919253E+22
   0.38059321E+22
   0.38199906E+22
   0.38341010E+22
   0.38482635E+22
   0.38624784E+22
   0.38767457E+22
   0.38910657E+22
   0.39054386E+22
   0.39198646E+22
   0.39343439E+22
   0.39488766E+22
   0.39634630E+22
   0.39781033E+22
   0.39927976E+22
   0.40075462E+22
   0.40223493E+22
   0.40372070E+22
   0.40521196E+22
   0.40670873E+22
   0.40821102E+22
   0.40971887E+22
   0.41123228E+22
   0.41275128E+22
   0.41427589E+22
   0.41580613E+22
   0.41734202E+22
   0.41888358E+22
   0.42043084E+22
   0.42198381E+22
   0.42354251E+22
   0.42510697E+22
   0.42667721E+22
   0.42825325E+22
   0.42983511E+22
   0.43142280E+22
   0.43301636E+22
   0.43461581E+22
   0.43622116E+22
   0.43783244E+22
   0.43944968E+22
   0.44107288E+22
   0.44270208E+22
   0.44433729E+22
   0.44597854E+22
   0.44762586E+22
   0.44927925E+22
   0.45093875E+22
   0.45260438E+22
   0.45427616E+22
   0.45595412E+22
   0.45763827E+22
   0.45932864E+22
   0.46102525E+22
   0.46272813E+22
   0.46443729E+22
   0.46615277E+22
   0.46787458E+22
   0.46960275E+22
   0.47133730E+22
   0.47307826E+22
   0.47482564E+22
   0.47657948E+22
   0.47833979E+22
   0.48010660E+22
   0.48187994E+22
   0.48365983E+22
   0.48544629E+22
   0.48723934E+22
   0.48903902E+22
   0.49084534E+22
   0.49265833E+22
   0.49447802E+22
   0.49630443E+22
   0.49813758E+22
   0.49997750E+22
   0.50182421E+22
   0.50367774E+22
   0.50553812E+22
   0.50740536E+22
   0.50927950E+22
   0.51116057E+22
   0.51304857E+22
   0.51494355E+22
   0.51684553E+22
   0.51875453E+22
   0.52067057E+22
   0.52259370E+22
   0.52452392E+22
   0.52646127E+22
   0.52840577E+22
   0.53035746E+22
   0.53231635E+22
   0.53428247E+22
   0.53625586E+22
   0.53823653E+22
   0.54022451E+22
   0.54221984E+22
   0.54422253E+22
   0.54623261E+22
   0.54825012E+22
   0.55027508E+22
   0.55230751E+22
   0.55434745E+22
   0.55639492E+22
   0.55844996E+22
   0.56051257E+22
   0.56258281E+22
   0.56466069E+22
   0.56674624E+22
   0.56883949E+22
   0.57094047E+22
   0.57304921E+22
   0.57516573E+22
   0.57729007E+22
   0.57942225E+22
   0.58156230E+22
   0.58371026E+22
   0.58586615E+22
   0.58802999E+22
   0.59020183E+22
   0.59238168E+22
   0.59456959E+22
   0.59676557E+22
   0.59896966E+22
   0.60118188E+22
   0.60340228E+22
   0.60563087E+22
   0.60786769E+22
   0.61011277E+22
   0.61236614E+22
   0.61462783E+22
   0.61689787E+22
   0.61917629E+22
   0.62146312E+22
   0.62375839E+22
   0.62606214E+22
   0.62837440E+22
   0.63069519E+22
   0.63302455E+22
   0.63536251E+22
   0.63770910E+22
   0.64006436E+22
   0.64242831E+22
   0.64480099E+22
   0.64718242E+22
   0.64957265E+22
   0.65197171E+22
   0.65437962E+22
   0.65679642E+22
   0.65922215E+22
   0.66165683E+22
   0.66410050E+22
   0.66655319E+22
   0.66901493E+22
   0.67148577E+22
   0.67396572E+22
   0.67645484E+22
   0.67895314E+22
   0.68146066E+22
   0.68397744E+22
   0.68650351E+22
   0.68903891E+22
   0.69158367E+22
   0.69413783E+22
   0.69670141E+22
   0.69927445E+22
   0.70185700E+22
   0.70444908E+22
   0.70705073E+22
   0.70966198E+22
   0.71228288E+22
   0.71491345E+22
   0.71755373E+22
   0.72020375E+22
   0.72286356E+22
   0.72553319E+22
   0.72821268E+22
   0.73090205E+22
   0.73360136E+22
   0.73631063E+22
   0.73902990E+22
   0.74175920E+22
   0.74449859E+22
   0.74724809E+22
   0.75000773E+22
   0.75277757E+22
   0.75555763E+22
   0.75834795E+22
   0.76114857E+22
   0.76395953E+22
   0.76678087E+22
   0.76961262E+22
   0.77245482E+22
   0.77530752E+22
   0.77817075E+22
   0.78104454E+22
   0.78392895E+22
   0.78682400E+22
   0.78972974E+22
   0.79264620E+22
   0.79557343E+22
   0.79851147E+22
   0.80146035E+22
   0.80442012E+22
   0.80739081E+22
   0.81037247E+22
   0.81336513E+22
   0.81636884E+22
   0.81938364E+22
   0.82240957E+22
   0.82544666E+22
   0.82849497E+22
   0.83155453E+22
   0.83462538E+22
   0.83770757E+22
   0.84080113E+22
   0.84390611E+22
   0.84702255E+22
   0.85015050E+22
   0.85328999E+22
   0.85644107E+22
   0.85960378E+22
   0.86277817E+22
   0.86596427E+22
   0.86916213E+22
   0.87237180E+22
   0.87559331E+22
   0.87882671E+22
   0.88207205E+22
   0.88532936E+22
   0.88859870E+22
   0.89188011E+22
   0.89517362E+22
   0.89847930E+22
   0.90179717E+22
   0.90512729E+22
   0.90846970E+22
   0.91182445E+22
   0.91519158E+22
   0.91857113E+22
   0.92196316E+22
   0.92536771E+22
   0.92878483E+22
   0.93221455E+22
   0.93565694E+22
   0.93911203E+22
   0.94257987E+22
   0.94606051E+22
   0.94955400E+22
   0.95306038E+22
   0.95657970E+22
   0.96011201E+22
   0.96365735E+22
   0.96721578E+22
   0.97078735E+22
   0.97437209E+22
   0.97797006E+22
   0.98158132E+22
   0.98520590E+22
   0.98884386E+22
   0.99249524E+22
   0.99616010E+22
   0.99983848E+22
   0.10035304E+23
   0.10072360E+23
   0.10109553E+23
   0.10146883E+23
   0.10184350E+23
   0.10221956E+23
   0.10259701E+23
   0.10297585E+23
   0.10335609E+23
   0.10373773E+23
   0.10412078E+23
   0.10450524E+23
   0.10489112E+23
   0.10527843E+23
   0.10566716E+23
   0.10605733E+23
   0.10644894E+23
   0.10684199E+23
   0.10723650E+23
   0.10763246E+23
   0.10802988E+23
   0.10842877E+23
   0.10882913E+23
   0.10923097E+23
   0.10963429E+23
   0.11003910E+23
   0.11044540E+23
   0.11085320E+23
   0.11126251E+23
   0.11167332E+23
   0.11208566E+23
   0.11249951E+23
   0.11291489E+23
   0.11333181E+23
   0.11375026E+23
   0.11417026E+23
   0.11459180E+23
   0.11501491E+23
   0.11543957E+23
   0.11586580E+23
   0.11629360E+23
   0.11672298E+23
   0.11715395E+23
   0.11758650E+23
   0.11802066E+23
   0.11845641E+23
   0.11889377E+23
   0.11933275E+23
   0.11977334E+23
   0.12021556E+23
   0.12065941E+23
   0.12110490E+23
   0.12155204E+23
   0.12200082E+23
   0.12245126E+23
   0.12290336E+23
   0.12335713E+23
   0.12381257E+23
   0.12426970E+23
   0.12472851E+23
   0.12518901E+23
   0.12565121E+23
   0.12611512E+23
   0.12658074E+23
   0.12704807E+23
   0.12751713E+23
   0.12798793E+23
   0.12846045E+23
   0.12893473E+23
   0.12941075E+23
   0.12988852E+23
   0.13036806E+23
   0.13084937E+23
   0.13133246E+23
   0.13181733E+23
   0.13230398E+23
   0.13279243E+23
   0.13328269E+23
   0.13377475E+23
   0.13426862E+23
   0.13476432E+23
   0.13526185E+23
   0.13576121E+23
   0.13626242E+23
   0.13676547E+23
   0.13727038E+23
   0.13777716E+23
   0.13828580E+23
   0.13879632E+23
   0.13930872E+23
   0.13982301E+23
   0.14033920E+23
   0.14085729E+23
   0.14137729E+23
   0.14189922E+23
   0.14242306E+23
   0.14294884E+23
   0.14347656E+23
   0.14400623E+23
   0.14453785E+23
   0.14507143E+23
   0.14560698E+23
   0.14614450E+23
   0.14668401E+23
   0.14722550E+23
   0.14776900E+23
   0.14831450E+23
   0.14886201E+23
   0.14941154E+23
   0.14996310E+23
   0.15051669E+23
   0.15107232E+23
   0.15163000E+23
   0.15218974E+23
   0.15275155E+23
   0.15331543E+23
   0.15388138E+23
   0.15444943E+23
   0.15501956E+23
   0.15559181E+23
   0.15616616E+23
   0.15674263E+23
   0.15732122E+23
   0.15790195E+23
   0.15848483E+23
   0.15906985E+23
   0.15965703E+23
   0.16024637E+23
   0.16083789E+23
   0.16143159E+23
   0.16202748E+23
   0.16262557E+23
   0.16322586E+23
   0.16382837E+23
   0.16443310E+23
   0.16504006E+23
   0.16564925E+23
   0.16626070E+23
   0.16687439E+23
   0.16749036E+23
   0.16810859E+23
   0.16872910E+23
   0.16935190E+23
   0.16997700E+23
   0.17060440E+23
   0.17123412E+23
   0.17186616E+23
   0.17250053E+23
   0.17313724E+23
   0.17377629E+23
   0.17441771E+23
   0.17506148E+23
   0.17570764E+23
   0.17635617E+23
   0.17700710E+23
   0.17766042E+23
   0.17831616E+23
   0.17897431E+23
   0.17963489E+23
   0.18029791E+23
   0.18096337E+23
   0.18163128E+23
   0.18230166E+23
   0.18297450E+23
   0.18364983E+23
   0.18432765E+23
   0.18500797E+23
   0.18569079E+23
   0.18637614E+23
   0.18706401E+23
   0.18775442E+23
   0.18844737E+23
   0.18914288E+23
   0.18984095E+23
   0.19054159E+23
   0.19124482E+23
   0.19195064E+23
   0.19265906E+23
   0.19337010E+23
   0.19408375E+23
   0.19480004E+23
   0.19551897E+23
   0.19624054E+23
   0.19696478E+23
   0.19769169E+23
   0.19842128E+23
   0.19915355E+23
   0.19988853E+23
   0.20062622E+23
   0.20136662E+23
   0.20210975E+23
   0.20285563E+23
   0.20360425E+23
   0.20435563E+23
   0.20510979E+23
   0.20586672E+23
   0.20662644E+23
   0.20738897E+23
   0.20815430E+23
   0.20892245E+23
   0.20969344E+23
   0.21046727E+23
   0.21124395E+23
   0.21202349E+23
   0.21280591E+23
   0.21359121E+23
   0.21437940E+23
   0.21517050E+23
   0.21596452E+23
   0.21676146E+23
   0.21756134E+23
   0.21836417E+23
   0.21916995E+23
   0.21997871E+23
   0.22079045E+23
   0.22160518E+23
   0.22242291E+23
   0.22324365E+23
   0.22406742E+23
   0.22489423E+23
   0.22572408E+23
   0.22655699E+23
   0.22739297E+23
   0.22823203E+23
   0.22907419E+23
   0.22991944E+23
   0.23076781E+23
   0.23161931E+23
   0.23247395E+23
   0.23333173E+23
   0.23419268E+23
   0.23505680E+23
   0.23592410E+23
   0.23679460E+23
   0.23766830E+23
   0.23854523E+23
   0.23942539E+23
   0.24030879E+23
   0.24119544E+23
   0.24208536E+23
   0.24297857E+23
   0.24387506E+23
   0.24477485E+23
   0.24567796E+23
   0.24658440E+23
   0.24749418E+23
   0.24840731E+23
   0.24932381E+23
   0.25024368E+23
   0.25116694E+23
   0.25209360E+23
   0.25302367E+23
   0.25395718E+23
   0.25489412E+23
   0.25583451E+23
   0.25677837E+23
   0.25772570E+23
   0.25867653E+23
   0.25963085E+23
   0.26058870E+23
   0.26155007E+23
   0.26251498E+23
   0.26348345E+23
   0.26445549E+23
   0.26543110E+23
   0.26641031E+23
   0.26739313E+23
   0.26837957E+23
   0.26936964E+23
   0.27036335E+23
   0.27136073E+23
   0.27236178E+23
   0.27336652E+23
   0.27437496E+23
   0.27538712E+23
   0.27640300E+23
   0.27742262E+23
   0.27844600E+23
   0.27947315E+23
   0.28050408E+23
   0.28153881E+23
   0.28257735E+23
   0.28361972E+23
   0.28466592E+23
   0.28571598E+23
   0.28676990E+23
   0.28782771E+23
   0.28888941E+23
   0.28995502E+23
   0.29102455E+23
   0.29209803E+23
   0.29317545E+23
   0.29425685E+23
   0.29534222E+23
   0.29643160E+23
   0.29752498E+23
   0.29862239E+23
   0.29972384E+23
   0.30082935E+23
   0.30193893E+23
   0.30305260E+23
   0.30417036E+23
   0.30529224E+23
   0.30641825E+23
   0.30754841E+23
   0.30868273E+23
   0.30982122E+23
   0.31096391E+23
   0.31211080E+23
   0.31326192E+23
   0.31441728E+23
   0.31557688E+23
   0.31674076E+23
   0.31790892E+23
   0.31908139E+23
   0.32025817E+23
   0.32143928E+23
   0.32262474E+23
   0.32381456E+23
   0.32500876E+23
   0.32620736E+23
   0.32741037E+23
   0.32861782E+23
   0.32982970E+23
   0.33104605E+23
   0.33226687E+23
   0.33349219E+23
   0.33472201E+23
   0.33595637E+23
   0.33719527E+23
   0.33843872E+23
   0.33968676E+23
   0.34093939E+23
   0.34219662E+23
   0.34345849E+23
   0.34472500E+23
   0.34599617E+23
   0.34727202E+23
   0.34855256E+23
   0.34983782E+23
   0.35112781E+23
   0.35242254E+23
   0.35372204E+23
   0.35502633E+23
   0.35633541E+23
   0.35764931E+23
   0.35896804E+23
   0.36029163E+23
   0.36162008E+23
   0.36295343E+23
   0.36429168E+23
   0.36563486E+23
   0.36698298E+23
   0.36833605E+23
   0.36969411E+23
   0.37105717E+23
   0.37242524E+23
   0.37379834E+23
   0.37517649E+23
   0.37655972E+23
   0.37794803E+23
   0.37934145E+23
   0.38074000E+23
   0.38214369E+23
   0.38355255E+23
   0.38496659E+23
   0.38638583E+23
   0.38781030E+23
   0.38924000E+23
   0.39067496E+23
   0.39211520E+23
   0.39356074E+23
   0.39501160E+23
   0.39646779E+23
   0.39792934E+23
   0.39939627E+23
   0.40086859E+23
   0.40234632E+23
   0.40382949E+23
   0.40531812E+23
   0.40681222E+23
   0.40831182E+23
   0.40981693E+23
   0.41132758E+23
   0.41284378E+23
   0.41436556E+23
   0.41589293E+23
   0.41742593E+23
   0.41896456E+23
   0.42050884E+23
   0.42205881E+23
   0.42361448E+23
   0.42517586E+23
   0.42674299E+23
   0.42831588E+23
   0.42989456E+23
   0.43147903E+23
   0.43306934E+23
   0.43466549E+23
   0.43626751E+23
   0.43787542E+23
   0.43948924E+23
   0.44110900E+23
   0.44273471E+23
   0.44436640E+23
   0.44600408E+23
   0.44764779E+23
   0.44929754E+23
   0.45095335E+23
   0.45261525E+23
   0.45428326E+23
   0.45595740E+23
   0.45763769E+23
   0.45932416E+23
   0.46101683E+23
   0.46271573E+23
   0.46442086E+23
   0.46613227E+23
   0.46784996E+23
   0.46957397E+23
   0.47130431E+23
   0.47304101E+23
   0.47478410E+23
   0.47653359E+23
   0.47828951E+23
   0.48005188E+23
   0.48182073E+23
   0.48359608E+23
   0.48537795E+23
   0.48716638E+23
   0.48896137E+23
   0.49076296E+23
   0.49257117E+23
   0.49438602E+23
   0.49620754E+23
   0.49803576E+23
   0.49987069E+23
   0.50171236E+23
   0.50356080E+23
   0.50541603E+23
   0.50727807E+23
   0.50914696E+23
   0.51102271E+23
   0.51290535E+23
   0.51479491E+23
   0.51669141E+23
   0.51859488E+23
   0.52050534E+23
   0.52242281E+23
   0.52434733E+23
   0.52627892E+23
   0.52821760E+23
   0.53016341E+23
   0.53211636E+23
   0.53407648E+23
   0.53604380E+23
   0.53801835E+23
   0.54000014E+23
   0.54198922E+23
   0.54398560E+23
   0.54598931E+23
   0.54800038E+23
   0.55001884E+23
   0.55204470E+23
   0.55407801E+23
   0.55611878E+23
   0.55816705E+23
   0.56022283E+23
   0.56228616E+23
   0.56435707E+23
   0.56643558E+23
   0.56852173E+23
   0.57061553E+23
   0.57271702E+23
   0.57482622E+23
   0.57694317E+23
   0.57906788E+23
   0.58120040E+23
   0.58334074E+23
   0.58548895E+23
   0.58764503E+23
   0.58980903E+23
   0.59198097E+23
   0.59416089E+23
   0.59634880E+23
   0.59854475E+23
   0.60074875E+23
   0.60296085E+23
   0.60518106E+23
   0.60740942E+23
   0.60964595E+23
   0.61189070E+23
   0.61414368E+23
   0.61640492E+23
   0.61867447E+23
   0.62095234E+23
   0.62323857E+23
   0.62553319E+23
   0.62783622E+23
   0.63014771E+23
   0.63246768E+23
   0.63479615E+23
   0.63713317E+23
   0.63947877E+23
   0.64183297E+23
   0.64419580E+23
   0.64656730E+23
   0.64894750E+23
   0.65133643E+23
   0.65373412E+23
   0.65614061E+23
   0.65855592E+23
   0.66098009E+23
   0.66341316E+23
   0.66585514E+23
   0.66830608E+23
   0.67076601E+23
   0.67323496E+23
   0.67571296E+23
   0.67820005E+23
   0.68069626E+23
   0.68320163E+23
   0.68571618E+23
   0.68823994E+23
   0.69077296E+23
   0.69331527E+23
   0.69586690E+23
   0.69842788E+23
   0.70099826E+23
   0.70357805E+23
   0.70616730E+23
   0.70876604E+23
   0.71137431E+23
   0.71399214E+23
   0.71661957E+23
   0.71925662E+23
   0.72190334E+23
   0.72455976E+23
   0.72722592E+23
   0.72990184E+23
   0.73258758E+23
   0.73528315E+23
   0.73798860E+23
   0.74070397E+23
   0.74342929E+23
   0.74616459E+23
   0.74890991E+23
   0.75166530E+23
   0.75443078E+23
   0.75720639E+23
   0.75999217E+23
   0.76278815E+23
   0.76559438E+23
   0.76841089E+23
   0.77123771E+23
   0.77407489E+23
   0.77692246E+23
   0.77978047E+23
   0.78264894E+23
   0.78552791E+23
   0.78841743E+23
   0.79131754E+23
   0.79422826E+23
   0.79714964E+23
   0.80008172E+23
   0.80302454E+23
   0.80597814E+23
   0.80894254E+23
   0.81191781E+23
   0.81490396E+23
   0.81790105E+23
   0.82090912E+23
   0.82392819E+23
   0.82695832E+23
   0.82999954E+23
   0.83305189E+23
   0.83611542E+23
   0.83919016E+23
   0.84227615E+23
   0.84537344E+23
   0.84848207E+23
   0.85160207E+23
   0.85473349E+23
   0.85787638E+23
   0.86103076E+23
   0.86419669E+23
   0.86737420E+23
   0.87056334E+23
   0.87376414E+23
   0.87697666E+23
   0.88020094E+23
   0.88343701E+23
   0.88668491E+23
   0.88994470E+23
   0.89321642E+23
   0.89650010E+23
   0.89979580E+23
   0.90310355E+23
   0.90642340E+23
   0.90975539E+23
   0.91309957E+23
   0.91645598E+23
   0.91982466E+23
   0.92320567E+23
   0.92659904E+23
   0.93000481E+23
   0.93342304E+23
   0.93685377E+23
   0.94029704E+23
   0.94375291E+23
   0.94722140E+23
   0.95070258E+23
   0.95419649E+23
   0.95770316E+23
   0.96122266E+23
   0.96475502E+23
   0.96830029E+23
   0.97185852E+23
   0.97542976E+23
   0.97901405E+23
   0.98261143E+23
   0.98622197E+23
   0.98984569E+23
   0.99348266E+23
   0.99713292E+23
   0.10007965E+24
   0.10044735E+24
   0.10081639E+24
   0.10118678E+24
   0.10155853E+24
   0.10193163E+24
   0.10230609E+24
   0.10268192E+24
   0.10305913E+24
   0.10343771E+24
   0.10381768E+24
   0.10419903E+24
   0.10458178E+24
   0.10496592E+24
   0.10535147E+24
   0.10573842E+24
   0.10612679E+24
   0.10651657E+24
   0.10690778E+24
   0.10730042E+24
   0.10769449E+24
   0.10809000E+24
   0.10848695E+24
   0.10888535E+24
   0.10928521E+24
   0.10968653E+24
   0.11008931E+24
   0.11049356E+24
   0.11089928E+24
   0.11130649E+24
   0.11171518E+24
   0.11212537E+24
   0.11253705E+24
   0.11295023E+24
   0.11336492E+24
   0.11378112E+24
   0.11419885E+24
   0.11461809E+24
   0.11503887E+24
   0.11546118E+24
   0.11588503E+24
   0.11631042E+24
   0.11673737E+24
   0.11716588E+24
   0.11759594E+24
   0.11802758E+24
   0.11846079E+24
   0.11889558E+24
   0.11933196E+24
   0.11976992E+24
   0.12020949E+24
   0.12065065E+24
   0.12109343E+24
   0.12153781E+24
   0.12198382E+24
   0.12243146E+24
   0.12288072E+24
   0.12333162E+24
   0.12378417E+24
   0.12423836E+24
   0.12469421E+24
   0.12515173E+24
   0.12561090E+24
   0.12607176E+24
   0.12653429E+24
   0.12699850E+24
   0.12746441E+24
   0.12793201E+24
   0.12840132E+24
   0.12887234E+24
   0.12934507E+24
   0.12981952E+24
   0.13029571E+24
   0.13077362E+24
   0.13125328E+24
   0.13173468E+24
   0.13221784E+24
   0.13270275E+24
   0.13318943E+24
   0.13367788E+24
   0.13416812E+24
   0.13466013E+24
   0.13515394E+24
   0.13564954E+24
   0.13614695E+24
   0.13664616E+24
   0.13714720E+24
   0.13765006E+24
   0.13815474E+24
   0.13866127E+24
   0.13916963E+24
   0.13967985E+24
   0.14019192E+24
   0.14070586E+24
   0.14122166E+24
   0.14173934E+24
   0.14225890E+24
   0.14278036E+24
   0.14330371E+24
   0.14382896E+24
   0.14435612E+24
   0.14488520E+24
   0.14541621E+24
   0.14594914E+24
   0.14648401E+24
   0.14702083E+24
   0.14755959E+24
   0.14810032E+24
   0.14864301E+24
   0.14918767E+24
   0.14973432E+24
   0.15028295E+24
   0.15083357E+24
   0.15138619E+24
   0.15194082E+24
   0.15249747E+24
   0.15305614E+24
   0.15361684E+24
   0.15417957E+24
   0.15474435E+24
   0.15531118E+24
   0.15588007E+24
   0.15645102E+24
   0.15702405E+24
   0.15759916E+24
   0.15817636E+24
   0.15875565E+24
   0.15933705E+24
   0.15992055E+24
   0.16050618E+24
   0.16109393E+24
   0.16168381E+24
   0.16227584E+24
   0.16287001E+24
   0.16346634E+24
   0.16406483E+24
   0.16466550E+24
   0.16526834E+24
   0.16587337E+24
   0.16648060E+24
   0.16709002E+24
   0.16770166E+24
   0.16831552E+24
   0.16893160E+24
   0.16954992E+24
   0.17017048E+24
   0.17079329E+24
   0.17141836E+24
   0.17204569E+24
   0.17267530E+24
   0.17330719E+24
   0.17394137E+24
   0.17457785E+24
   0.17521664E+24
   0.17585774E+24
   0.17650117E+24
   0.17714692E+24
   0.17779502E+24
   0.17844546E+24
   0.17909826E+24
   0.17975343E+24
   0.18041097E+24
   0.18107089E+24
   0.18173320E+24
   0.18239791E+24
   0.18306502E+24
   0.18373455E+24
   0.18440651E+24
   0.18508090E+24
   0.18575773E+24
   0.18643701E+24
   0.18711874E+24
   0.18780295E+24
   0.18848963E+24
   0.18917880E+24
   0.18987046E+24
   0.19056462E+24
   0.19126130E+24
   0.19196049E+24
   0.19266222E+24
   0.19336648E+24
   0.19407329E+24
   0.19478266E+24
   0.19549459E+24
   0.19620909E+24
   0.19692618E+24
   0.19764586E+24
   0.19836815E+24
   0.19909304E+24
   0.19982056E+24
   0.20055070E+24
   0.20128349E+24
   0.20201892E+24
   0.20275701E+24
   0.20349776E+24
   0.20424120E+24
   0.20498732E+24
   0.20573613E+24
   0.20648765E+24
   0.20724188E+24
   0.20799884E+24
   0.20875853E+24
   0.20952096E+24
   0.21028615E+24
   0.21105410E+24
   0.21182482E+24
   0.21259832E+24
   0.21337462E+24
   0.21415371E+24
   0.21493562E+24
   0.21572035E+24
   0.21650791E+24
   0.21729832E+24
   0.21809157E+24
   0.21888769E+24
   0.21968668E+24
   0.22048855E+24
   0.22129331E+24
   0.22210097E+24
   0.22291155E+24
   0.22372505E+24
   0.22454148E+24
   0.22536085E+24
   0.22618318E+24
   0.22700847E+24
   0.22783674E+24
   0.22866799E+24
   0.22950223E+24
   0.23033948E+24
   0.23117975E+24
   0.23202305E+24
   0.23286938E+24
   0.23371876E+24
   0.23457120E+24
   0.23542671E+24
   0.23628530E+24
   0.23714698E+24
   0.23801176E+24
   0.23887965E+24
   0.23975067E+24
   0.24062483E+24
   0.24150213E+24
   0.24238258E+24
   0.24326621E+24
   0.24415301E+24
   0.24504301E+24
   0.24593620E+24
   0.24683261E+24
   0.24773224E+24
   0.24863511E+24
   0.24954122E+24
   0.25045059E+24
   0.25136323E+24
   0.25227915E+24
   0.25319836E+24
   0.25412088E+24
   0.25504671E+24
   0.25597586E+24
   0.25690836E+24
   0.25784420E+24
   0.25878341E+24
   0.25972599E+24
   0.26067196E+24
   0.26162132E+24
   0.26257409E+24
   0.26353028E+24
   0.26448991E+24
   0.26545298E+24
   0.26641950E+24
   0.26738950E+24
   0.26836297E+24
   0.26933994E+24
   0.27032042E+24
   0.27130441E+24
   0.27229193E+24
   0.27328299E+24
   0.27427761E+24
   0.27527579E+24
   0.27627755E+24
   0.27728290E+24
   0.27829186E+24
   0.27930444E+24
   0.28032064E+24
   0.28134048E+24
   0.28236398E+24
   0.28339115E+24
   0.28442199E+24
   0.28545653E+24
   0.28649477E+24
   0.28753673E+24
   0.28858243E+24
   0.28963186E+24
   0.29068506E+24
   0.29174202E+24
   0.29280277E+24
   0.29386731E+24
   0.29493566E+24
   0.29600784E+24
   0.29708385E+24
   0.29816371E+24
   0.29924743E+24
   0.30033503E+24
   0.30142651E+24
   0.30252190E+24
   0.30362121E+24
   0.30472445E+24
   0.30583163E+24
   0.30694276E+24
   0.30805787E+24
   0.30917696E+24
   0.31030005E+24
   0.31142715E+24
   0.31255828E+24
   0.31369345E+24
   0.31483267E+24
   0.31597596E+24
   0.31712333E+24
   0.31827479E+24
   0.31943037E+24
   0.32059007E+24
   0.32175391E+24
   0.32292190E+24
   0.32409406E+24
   0.32527040E+24
   0.32645093E+24
   0.32763568E+24
   0.32882465E+24
   0.33001786E+24
   0.33121532E+24
   0.33241705E+24
   0.33362306E+24
   0.33483337E+24
   0.33604800E+24
   0.33726695E+24
   0.33849024E+24
   0.33971789E+24
   0.34094991E+24
   0.34218632E+24
   0.34342713E+24
   0.34467236E+24
   0.34592202E+24
   0.34717613E+24
   0.34843470E+24
   0.34969775E+24
   0.35096530E+24
   0.35223735E+24
   0.35351393E+24
   0.35479504E+24
   0.35608071E+24
   0.35737095E+24
   0.35866578E+24
   0.35996521E+24
   0.36126926E+24
   0.36257794E+24
   0.36389128E+24
   0.36520927E+24
   0.36653195E+24
   0.36785933E+24
   0.36919142E+24
   0.37052824E+24
   0.37186980E+24
   0.37321613E+24
   0.37456723E+24
   0.37592313E+24
   0.37728384E+24
   0.37864938E+24
   0.38001976E+24
   0.38139500E+24
   0.38277512E+24
   0.38416013E+24
   0.38555005E+24
   0.38694489E+24
   0.38834468E+24
   0.38974943E+24
   0.39115916E+24
   0.39257388E+24
   0.39399361E+24
   0.39541837E+24
   0.39684817E+24
   0.39828303E+24
   0.39972298E+24
   0.40116802E+24
   0.40261817E+24
   0.40407346E+24
   0.40553389E+24
   0.40699949E+24
   0.40847028E+24
   0.40994626E+24
   0.41142746E+24
   0.41291390E+24
   0.41440559E+24
   0.41590255E+24
   0.41740481E+24
   0.41891237E+24
   0.42042525E+24
   0.42194348E+24
   0.42346707E+24
   0.42499604E+24
   0.42653041E+24
   0.42807019E+24
   0.42961540E+24
   0.43116607E+24
   0.43272221E+24
   0.43428384E+24
   0.43585097E+24
   0.43742363E+24
   0.43900184E+24
   0.44058561E+24
   0.44217496E+24
   0.44376991E+24
   0.44537048E+24
   0.44697669E+24
   0.44858856E+24
   0.45020610E+24
   0.45182934E+24
   0.45345829E+24
   0.45509298E+24
   0.45673342E+24
   0.45837963E+24
   0.46003164E+24
   0.46168945E+24
   0.46335310E+24
   0.46502259E+24
   0.46669796E+24
   0.46837921E+24
   0.47006637E+24
   0.47175946E+24
   0.47345850E+24
   0.47516351E+24
   0.47687451E+24
   0.47859151E+24
   0.48031455E+24
   0.48204363E+24
   0.48377878E+24
   0.48552002E+24
   0.48726736E+24
   0.48902084E+24
   0.49078047E+24
   0.49254627E+24
   0.49431825E+24
   0.49609645E+24
   0.49788089E+24
   0.49967157E+24
   0.50146853E+24
   0.50327178E+24
   0.50508135E+24
   0.50689725E+24
   0.50871952E+24
   0.51054816E+24
   0.51238320E+24
   0.51422466E+24
   0.51607256E+24
   0.51792693E+24
   0.51978778E+24
   0.52165514E+24
   0.52352902E+24
   0.52540946E+24
   0.52729646E+24
   0.52919006E+24
   0.53109027E+24
   0.53299712E+24
   0.53491063E+24
   0.53683082E+24
   0.53875771E+24
   0.54069132E+24
   0.54263169E+24
   0.54457882E+24
   0.54653274E+24
   0.54849347E+24
   0.55046104E+24
   0.55243547E+24
   0.55441678E+24
   0.55640500E+24
   0.55840014E+24
   0.56040223E+24
   0.56241129E+24
   0.56442734E+24
   0.56645042E+24
   0.56848053E+24
   0.57051771E+24
   0.57256198E+24
   0.57461335E+24
   0.57667186E+24
   0.57873752E+24
   0.58081037E+24
   0.58289042E+24
   0.58497769E+24
   0.58707222E+24
   0.58917402E+24
   0.59128312E+24
   0.59339955E+24
   0.59552331E+24
   0.59765445E+24
   0.59979298E+24
   0.60193893E+24
   0.60409233E+24
   0.60625318E+24
   0.60842153E+24
   0.61059740E+24
   0.61278080E+24
   0.61497177E+24
   0.61717033E+24
   0.61937650E+24
   0.62159030E+24
   0.62381177E+24
   0.62604093E+24
   0.62827780E+24
   0.63052241E+24
   0.63277478E+24
   0.63503494E+24
   0.63730291E+24
   0.63957872E+24
   0.64186239E+24
   0.64415395E+24
   0.64645343E+24
   0.64876085E+24
   0.65107623E+24
   0.65339960E+24
   0.65573099E+24
   0.65807042E+24
   0.66041793E+24
   0.66277352E+24
   0.66513724E+24
   0.66750910E+24
   0.66988914E+24
   0.67227738E+24
   0.67467384E+24
   0.67707856E+24
   0.67949155E+24
   0.68191285E+24
   0.68434248E+24
   0.68678047E+24
   0.68922684E+24
   0.69168163E+24
   0.69414486E+24
   0.69661655E+24
   0.69909674E+24
   0.70158544E+24
   0.70408270E+24
   0.70658852E+24
   0.70910295E+24
   0.71162602E+24
   0.71415773E+24
   0.71669814E+24
   0.71924725E+24
   0.72180511E+24
   0.72437173E+24
   0.72694715E+24
   0.72953139E+24
   0.73212449E+24
   0.73472646E+24
   0.73733735E+24
   0.73995717E+24
   0.74258595E+24
   0.74522373E+24
   0.74787053E+24
   0.75052638E+24
   0.75319131E+24
   0.75586535E+24
   0.75854852E+24
   0.76124086E+24
   0.76394239E+24
   0.76665315E+24
   0.76937316E+24
   0.77210245E+24
   0.77484105E+24
   0.77758900E+24
   0.78034631E+24
   0.78311302E+24
   0.78588916E+24
   0.78867476E+24
   0.79146984E+24
   0.79427445E+24
   0.79708860E+24
   0.79991233E+24
   0.80274567E+24
   0.80558865E+24
   0.80844129E+24
   0.81130364E+24
   0.81417571E+24
   0.81705754E+24
   0.81994916E+24
   0.82285060E+24
   0.82576189E+24
   0.82868307E+24
   0.83161415E+24
   0.83455518E+24
   0.83750619E+24
   0.84046720E+24
   0.84343824E+24
   0.84641936E+24
   0.84941057E+24
   0.85241192E+24
   0.85542342E+24
   0.85844512E+24
   0.86147705E+24
   0.86451923E+24
   0.86757170E+24
   0.87063450E+24
   0.87370764E+24
   0.87679117E+24
   0.87988511E+24
   0.88298951E+24
   0.88610438E+24
   0.88922977E+24
   0.89236571E+24
   0.89551222E+24
   0.89866935E+24
   0.90183712E+24
   0.90501556E+24
   0.90820472E+24
   0.91140461E+24
   0.91461529E+24
   0.91783677E+24
   0.92106909E+24
   0.92431229E+24
   0.92756639E+24
   0.93083144E+24
   0.93410746E+24
   0.93739449E+24
   0.94069256E+24
   0.94400171E+24
   0.94732197E+24
   0.95065338E+24
   0.95399596E+24
   0.95734975E+24
   0.96071479E+24
   0.96409111E+24
   0.96747874E+24
   0.97087773E+24
   0.97428809E+24
   0.97770988E+24
   0.98114312E+24
   0.98458784E+24
   0.98804409E+24
   0.99151190E+24
   0.99499129E+24
   0.99848232E+24
   0.10019850E+25
   0.10054994E+25
   0.10090255E+25
   0.10125634E+25
   0.10161131E+25
   0.10196746E+25
   0.10232480E+25
   0.10268334E+25
   0.10304306E+25
   0.10340399E+25
   0.10376611E+25
   0.10412945E+25
   0.10449399E+25
   0.10485974E+25
   0.10522671E+25
   0.10559490E+25
   0.10596432E+25
   0.10633496E+25
   0.10670683E+25
   0.10707994E+25
   0.10745429E+25
   0.10782988E+25
   0.10820671E+25
   0.10858479E+25
   0.10896413E+25
   0.10934472E+25
   0.10972658E+25
   0.11010970E+25
   0.11049408E+25
   0.11087974E+25
   0.11126668E+25
   0.11165489E+25
   0.11204439E+25
   0.11243518E+25
   0.11282725E+25
   0.11322062E+25
   0.11361529E+25
   0.11401126E+25
   0.11440854E+25
   0.11480713E+25
   0.11520703E+25
   0.11560825E+25
   0.11601079E+25
   0.11641466E+25
   0.11681986E+25
   0.11722639E+25
   0.11763426E+25
   0.11804347E+25
   0.11845402E+25
   0.11886592E+25
   0.11927918E+25
   0.11969379E+25
   0.12010977E+25
   0.12052711E+25
   0.12094582E+25
   0.12136590E+25
   0.12178736E+25
   0.12221020E+25
   0.12263442E+25
   0.12306003E+25
   0.12348704E+25
   0.12391544E+25
   0.12434525E+25
   0.12477646E+25
   0.12520908E+25
   0.12564311E+25
   0.12607856E+25
   0.12651543E+25
   0.12695373E+25
   0.12739346E+25
   0.12783462E+25
   0.12827722E+25
   0.12872126E+25
   0.12916675E+25
   0.12961369E+25
   0.13006208E+25
   0.13051194E+25
   0.13096325E+25
   0.13141603E+25
   0.13187029E+25
   0.13232602E+25
   0.13278323E+25
   0.13324192E+25
   0.13370210E+25
   0.13416378E+25
   0.13462695E+25
   0.13509162E+25
   0.13555780E+25
   0.13602549E+25
   0.13649469E+25
   0.13696541E+25
   0.13743766E+25
   0.13791143E+25
   0.13838673E+25
   0.13886357E+25
   0.13934195E+25
   0.13982187E+25
   0.14030334E+25
   0.14078636E+25
   0.14127094E+25
   0.14175709E+25
   0.14224480E+25
   0.14273408E+25
   0.14322493E+25
   0.14371737E+25
   0.14421138E+25
   0.14470699E+25
   0.14520419E+25
   0.14570299E+25
   0.14620339E+25
   0.14670539E+25
   0.14720901E+25
   0.14771424E+25
   0.14822109E+25
   0.14872957E+25
   0.14923968E+25
   0.14975141E+25
   0.15026479E+25
   0.15077981E+25
   0.15129648E+25
   0.15181479E+25
   0.15233477E+25
   0.15285640E+25
   0.15337970E+25
   0.15390467E+25
   0.15443132E+25
   0.15495964E+25
   0.15548965E+25
   0.15602135E+25
   0.15655474E+25
   0.15708983E+25
   0.15762662E+25
   0.15816512E+25
   0.15870533E+25
   0.15924726E+25
   0.15979090E+25
   0.16033628E+25
   0.16088338E+25
   0.16143222E+25
   0.16198281E+25
   0.16253513E+25
   0.16308921E+25
   0.16364504E+25
   0.16420263E+25
   0.16476198E+25
   0.16532311E+25
   0.16588600E+25
   0.16645068E+25
   0.16701714E+25
   0.16758539E+25
   0.16815543E+25
   0.16872727E+25
   0.16930091E+25
   0.16987636E+25
   0.17045362E+25
   0.17103270E+25
   0.17161360E+25
   0.17219633E+25
   0.17278089E+25
   0.17336729E+25
   0.17395553E+25
   0.17454562E+25
   0.17513756E+25
   0.17573136E+25
   0.17632701E+25
   0.17692454E+25
   0.17752394E+25
   0.17812521E+25
   0.17872837E+25
   0.17933341E+25
   0.17994035E+25
   0.18054918E+25
   0.18115991E+25
   0.18177255E+25
   0.18238711E+25
   0.18300358E+25
   0.18362197E+25
   0.18424229E+25
   0.18486454E+25
   0.18548873E+25
   0.18611487E+25
   0.18674295E+25
   0.18737298E+25
   0.18800497E+25
   0.18863893E+25
   0.18927485E+25
   0.18991275E+25
   0.19055263E+25
   0.19119449E+25
   0.19183833E+25
   0.19248418E+25
   0.19313202E+25
   0.19378187E+25
   0.19443373E+25
   0.19508760E+25
   0.19574349E+25
   0.19640141E+25
   0.19706136E+25
   0.19772335E+25
   0.19838738E+25
   0.19905345E+25
   0.19972158E+25
   0.20039177E+25
   0.20106401E+25
   0.20173833E+25
   0.20241472E+25
   0.20309319E+25
   0.20377374E+25
   0.20445638E+25
   0.20514112E+25
   0.20582796E+25
   0.20651690E+25
   0.20720795E+25
   0.20790112E+25
   0.20859642E+25
   0.20929384E+25
   0.20999339E+25
   0.21069508E+25
   0.21139892E+25
   0.21210490E+25
   0.21281304E+25
   0.21352334E+25
   0.21423580E+25
   0.21495044E+25
   0.21566725E+25
   0.21638624E+25
   0.21710743E+25
   0.21783080E+25
   0.21855638E+25
   0.21928415E+25
   0.22001414E+25
   0.22074634E+25
   0.22148077E+25
   0.22221742E+25
   0.22295630E+25
   0.22369742E+25
   0.22444079E+25
   0.22518640E+25
   0.22593427E+25
   0.22668440E+25
   0.22743679E+25
   0.22819146E+25
   0.22894840E+25
   0.22970763E+25
   0.23046914E+25
   0.23123295E+25
   0.23199906E+25
   0.23276747E+25
   0.23353820E+25
   0.23431124E+25
   0.23508661E+25
   0.23586430E+25
   0.23664433E+25
   0.23742670E+25
   0.23821142E+25
   0.23899848E+25
   0.23978791E+25
   0.24057969E+25
   0.24137385E+25
   0.24217038E+25
   0.24296929E+25
   0.24377059E+25
   0.24457428E+25
   0.24538037E+25
   0.24618886E+25
   0.24699977E+25
   0.24781309E+25
   0.24862883E+25
   0.24944699E+25
   0.25026760E+25
   0.25109064E+25
   0.25191612E+25
   0.25274406E+25
   0.25357445E+25
   0.25440731E+25
   0.25524264E+25
   0.25608044E+25
   0.25692072E+25
   0.25776349E+25
   0.25860875E+25
   0.25945651E+25
   0.26030678E+25
   0.26115956E+25
   0.26201485E+25
   0.26287267E+25
   0.26373301E+25
   0.26459590E+25
   0.26546132E+25
   0.26632929E+25
   0.26719981E+25
   0.26807289E+25
   0.26894854E+25
   0.26982676E+25
   0.27070755E+25
   0.27159093E+25
   0.27247690E+25
   0.27336547E+25
   0.27425664E+25
   0.27515041E+25
   0.27604680E+25
   0.27694581E+25
   0.27784745E+25
   0.27875172E+25
   0.27965863E+25
   0.28056818E+25
   0.28148039E+25
   0.28239525E+25
   0.28331278E+25
   0.28423298E+25
   0.28515585E+25
   0.28608141E+25
   0.28700966E+25
   0.28794060E+25
   0.28887424E+25
   0.28981059E+25
   0.29074965E+25
   0.29169144E+25
   0.29263595E+25
   0.29358319E+25
   0.29453317E+25
   0.29548590E+25
   0.29644138E+25
   0.29739962E+25
   0.29836062E+25
   0.29932440E+25
   0.30029095E+25
   0.30126028E+25
   0.30223241E+25
   0.30320733E+25
   0.30418505E+25
   0.30516558E+25
   0.30614893E+25
   0.30713511E+25
   0.30812410E+25
   0.30911594E+25
   0.31011062E+25
   0.31110814E+25
   0.31210852E+25
   0.31311176E+25
   0.31411786E+25
   0.31512685E+25
   0.31613871E+25
   0.31715345E+25
   0.31817110E+25
   0.31919164E+25
   0.32021508E+25
   0.32124145E+25
   0.32227073E+25
   0.32330293E+25
   0.32433807E+25
   0.32537615E+25
   0.32641717E+25
   0.32746115E+25
   0.32850809E+25
   0.32955799E+25
   0.33061086E+25
   0.33166671E+25
   0.33272555E+25
   0.33378738E+25
   0.33485221E+25
   0.33592004E+25
   0.33699089E+25
   0.33806476E+25
   0.33914165E+25
   0.34022157E+25
   0.34130453E+25
   0.34239054E+25
   0.34347960E+25
   0.34457172E+25
   0.34566690E+25
   0.34676516E+25
   0.34786650E+25
   0.34897092E+25
   0.35007844E+25
   0.35118905E+25
   0.35230278E+25
   0.35341961E+25
   0.35453956E+25
   0.35566265E+25
   0.35678886E+25
   0.35791822E+25
   0.35905072E+25
   0.36018638E+25
   0.36132520E+25
   0.36246718E+25
   0.36361234E+25
   0.36476068E+25
   0.36591221E+25
   0.36706694E+25
   0.36822487E+25
   0.36938600E+25
   0.37055036E+25
   0.37171793E+25
   0.37288874E+25
   0.37406278E+25
   0.37524007E+25
   0.37642061E+25
   0.37760440E+25
   0.37879146E+25
   0.37998179E+25
   0.38117540E+25
   0.38237230E+25
   0.38357249E+25
   0.38477597E+25
   0.38598277E+25
   0.38719288E+25
   0.38840630E+25
   0.38962306E+25
   0.39084315E+25
   0.39206659E+25
   0.39329337E+25
   0.39452351E+25
   0.39575701E+25
   0.39699388E+25
   0.39823413E+25
   0.39947776E+25
   0.40072479E+25
   0.40197521E+25
   0.40322904E+25
   0.40448628E+25
   0.40574695E+25
   0.40701104E+25
   0.40827856E+25
   0.40954953E+25
   0.41082394E+25
   0.41210181E+25
   0.41338315E+25
   0.41466795E+25
   0.41595623E+25
   0.41724800E+25
   0.41854326E+25
   0.41984202E+25
   0.42114428E+25
   0.42245006E+25
   0.42375936E+25
   0.42507219E+25
   0.42638855E+25
   0.42770846E+25
   0.42903192E+25
   0.43035893E+25
   0.43168951E+25
   0.43302366E+25
   0.43436140E+25
   0.43570272E+25
   0.43704763E+25
   0.43839614E+25
   0.43974827E+25
   0.44110401E+25
   0.44246337E+25
   0.44382637E+25
   0.44519300E+25
   0.44656328E+25
   0.44793721E+25
   0.44931481E+25
   0.45069607E+25
   0.45208101E+25
   0.45346963E+25
   0.45486194E+25
   0.45625795E+25
   0.45765766E+25
   0.45906109E+25
   0.46046824E+25
   0.46187912E+25
   0.46329373E+25
   0.46471209E+25
   0.46613419E+25
   0.46756006E+25
   0.46898969E+25
   0.47042309E+25
   0.47186028E+25
   0.47330125E+25
   0.47474602E+25
   0.47619459E+25
   0.47764697E+25
   0.47910318E+25
   0.48056320E+25
   0.48202707E+25
   0.48349477E+25
   0.48496633E+25
   0.48644174E+25
   0.48792101E+25
   0.48940416E+25
   0.49089119E+25
   0.49238210E+25
   0.49387691E+25
   0.49537563E+25
   0.49687825E+25
   0.49838480E+25
   0.49989527E+25
   0.50140967E+25
   0.50292802E+25
   0.50445031E+25
   0.50597656E+25
   0.50750678E+25
   0.50904097E+25
   0.51057914E+25
   0.51212130E+25
   0.51366745E+25
   0.51521761E+25
   0.51677178E+25
   0.51832997E+25
   0.51989219E+25
   0.52145844E+25
   0.52302874E+25
   0.52460309E+25
   0.52618150E+25
   0.52776397E+25
   0.52935052E+25
   0.53094115E+25
   0.53253587E+25
   0.53413469E+25
   0.53573762E+25
   0.53734466E+25
   0.53895582E+25
   0.54057112E+25
   0.54219055E+25
   0.54381413E+25
   0.54544186E+25
   0.54707376E+25
   0.54870982E+25
   0.55035007E+25
   0.55199450E+25
   0.55364312E+25
   0.55529595E+25
   0.55695299E+25
   0.55861424E+25
   0.56027973E+25
   0.56194944E+25
   0.56362340E+25
   0.56530162E+25
   0.56698409E+25
   0.56867082E+25
   0.57036184E+25
   0.57205713E+25
   0.57375672E+25
   0.57546061E+25
   0.57716881E+25
   0.57888132E+25
   0.58059815E+25
   0.58231932E+25
   0.58404483E+25
   0.58577469E+25
   0.58750891E+25
   0.58924749E+25
   0.59099044E+25
   0.59273778E+25
   0.59448950E+25
   0.59624563E+25
   0.59800616E+25
   0.59977111E+25
   0.60154048E+25
   0.60331428E+25
   0.60509252E+25
   0.60687521E+25
   0.60866236E+25
   0.61045397E+25
   0.61225005E+25
   0.61405062E+25
   0.61585568E+25
   0.61766523E+25
   0.61947930E+25
   0.62129787E+25
   0.62312098E+25
   0.62494861E+25
   0.62678078E+25
   0.62861751E+25
   0.63045879E+25
   0.63230464E+25
   0.63415506E+25
   0.63601006E+25
   0.63786966E+25
   0.63973386E+25
   0.64160266E+25
   0.64347609E+25
   0.64535413E+25
   0.64723682E+25
   0.64912414E+25
   0.65101612E+25
   0.65291276E+25
   0.65481406E+25
   0.65672004E+25
   0.65863071E+25
   0.66054608E+25
   0.66246614E+25
   0.66439092E+25
   0.66632042E+25
   0.66825465E+25
   0.67019361E+25
   0.67213733E+25
   0.67408579E+25
   0.67603902E+25
   0.67799703E+25
   0.67995981E+25
   0.68192739E+25
   0.68389976E+25
   0.68587695E+25
   0.68785895E+25
   0.68984577E+25
   0.69183743E+25
   0.69383393E+25
   0.69583528E+25
   0.69784150E+25
   0.69985258E+25
   0.70186854E+25
   0.70388939E+25
   0.70591513E+25
   0.70794578E+25
   0.70998135E+25
   0.71202183E+25
   0.71406725E+25
   0.71611761E+25
   0.71817292E+25
   0.72023319E+25
   0.72229842E+25
   0.72436864E+25
   0.72644383E+25
   0.72852402E+25
   0.73060922E+25
   0.73269943E+25
   0.73479466E+25
   0.73689492E+25
   0.73900022E+25
   0.74111057E+25
   0.74322598E+25
   0.74534645E+25
   0.74747200E+25
   0.74960264E+25
   0.75173837E+25
   0.75387920E+25
   0.75602515E+25
   0.75817622E+25
   0.76033242E+25
   0.76249376E+25
   0.76466025E+25
   0.76683190E+25
   0.76900872E+25
   0.77119072E+25
   0.77337790E+25
   0.77557028E+25
   0.77776786E+25
   0.77997066E+25
   0.78217868E+25
   0.78439193E+25
   0.78661043E+25
   0.78883418E+25
   0.79106319E+25
   0.79329747E+25
   0.79553703E+25
   0.79778188E+25
   0.80003203E+25
   0.80228748E+25
   0.80454826E+25
   0.80681436E+25
   0.80908580E+25
   0.81136258E+25
   0.81364472E+25
   0.81593222E+25
   0.81822510E+25
   0.82052337E+25
   0.82282702E+25
   0.82513608E+25
   0.82745056E+25
   0.82977045E+25
   0.83209578E+25
   0.83442655E+25
   0.83676277E+25
   0.83910445E+25
   0.84145160E+25
   0.84380423E+25
   0.84616235E+25
   0.84852597E+25
   0.85089510E+25
   0.85326975E+25
   0.85564993E+25
   0.85803564E+25
   0.86042691E+25
   0.86282373E+25
   0.86522612E+25
   0.86763408E+25
   0.87004764E+25
   0.87246679E+25
   0.87489155E+25
   0.87732192E+25
   0.87975792E+25
   0.88219956E+25
   0.88464685E+25
   0.88709979E+25
   0.88955840E+25
   0.89202268E+25
   0.89449265E+25
   0.89696831E+25
   0.89944969E+25
   0.90193678E+25
   0.90442959E+25
   0.90692814E+25
   0.90943244E+25
   0.91194249E+25
   0.91445831E+25
   0.91697991E+25
   0.91950729E+25
   0.92204047E+25
   0.92457945E+25
   0.92712426E+25
   0.92967489E+25
   0.93223135E+25
   0.93479367E+25
   0.93736184E+25
   0.93993588E+25
   0.94251580E+25
   0.94510160E+25
   0.94769331E+25
   0.95029092E+25
   0.95289445E+25
   0.95550392E+25
   0.95811932E+25
   0.96074067E+25
   0.96336798E+25
   0.96600127E+25
   0.96864053E+25
   0.97128579E+25
   0.97393705E+25
   0.97659432E+25
   0.97925761E+25
   0.98192694E+25
   0.98460231E+25
   0.98728373E+25
   0.98997122E+25
   0.99266479E+25
   0.99536444E+25
   0.99807019E+25
   0.10007820E+26
   0.10035000E+26
   0.10062241E+26
   0.10089544E+26
   0.10116907E+26
   0.10144333E+26
   0.10171820E+26
   0.10199369E+26
   0.10226980E+26
   0.10254653E+26
   0.10282388E+26
   0.10310185E+26
   0.10338045E+26
   0.10365967E+26
   0.10393952E+26
   0.10421999E+26
   0.10450110E+26
   0.10478283E+26
   0.10506519E+26
   0.10534818E+26
   0.10563180E+26
   0.10591606E+26
   0.10620095E+26
   0.10648648E+26
   0.10677264E+26
   0.10705945E+26
   0.10734689E+26
   0.10763497E+26
   0.10792369E+26
   0.10821305E+26
   0.10850306E+26
   0.10879371E+26
   0.10908500E+26
   0.10937694E+26
   0.10966954E+26
   0.10996277E+26
   0.11025666E+26
   0.11055120E+26
   0.11084639E+26
   0.11114224E+26
   0.11143874E+26
   0.11173589E+26
   0.11203370E+26
   0.11233217E+26
   0.11263130E+26
   0.11293109E+26
   0.11323154E+26
   0.11353265E+26
   0.11383443E+26
   0.11413687E+26
   0.11443997E+26
   0.11474374E+26
   0.11504818E+26
   0.11535329E+26
   0.11565907E+26
   0.11596552E+26
   0.11627265E+26
   0.11658044E+26
   0.11688891E+26
   0.11719806E+26
   0.11750789E+26
   0.11781839E+26
   0.11812958E+26
   0.11844144E+26
   0.11875399E+26
   0.11906721E+26
   0.11938113E+26
   0.11969573E+26
   0.12001101E+26
   0.12032698E+26
   0.12064365E+26
   0.12096100E+26
   0.12127904E+26
   0.12159778E+26
   0.12191721E+26
   0.12223733E+26
   0.12255815E+26
   0.12287967E+26
   0.12320189E+26
   0.12352480E+26
   0.12384842E+26
   0.12417274E+26
   0.12449776E+26
   0.12482349E+26
   0.12514992E+26
   0.12547706E+26
   0.12580491E+26
   0.12613346E+26
   0.12646273E+26
   0.12679271E+26
   0.12712340E+26
   0.12745481E+26
   0.12778693E+26
   0.12811977E+26
   0.12845332E+26
   0.12878760E+26
   0.12912259E+26
   0.12945831E+26
   0.12979475E+26
   0.13013191E+26
   0.13046980E+26
   0.13080842E+26
   0.13114776E+26
   0.13148783E+26
   0.13182864E+26
   0.13217017E+26
   0.13251244E+26
   0.13285544E+26
   0.13319917E+26
   0.13354365E+26
   0.13388886E+26
   0.13423481E+26
   0.13458150E+26
   0.13492893E+26
   0.13527710E+26
   0.13562602E+26
   0.13597569E+26
   0.13632610E+26
   0.13667726E+26
   0.13702916E+26
   0.13738182E+26
   0.13773523E+26
   0.13808940E+26
   0.13844431E+26
   0.13879999E+26
   0.13915642E+26
   0.13951361E+26
   0.13987155E+26
   0.14023026E+26
   0.14058974E+26
   0.14094997E+26
   0.14131097E+26
   0.14167274E+26
   0.14203527E+26
   0.14239857E+26
   0.14276264E+26
   0.14312749E+26
   0.14349310E+26
   0.14385949E+26
   0.14422666E+26
   0.14459460E+26
   0.14496332E+26
   0.14533282E+26
   0.14570310E+26
   0.14607416E+26
   0.14644601E+26
   0.14681864E+26
   0.14719206E+26
   0.14756626E+26
   0.14794125E+26
   0.14831704E+26
   0.14869361E+26
   0.14907098E+26
   0.14944914E+26
   0.14982809E+26
   0.15020785E+26
   0.15058840E+26
   0.15096975E+26
   0.15135190E+26
   0.15173486E+26
   0.15211862E+26
   0.15250318E+26
   0.15288855E+26
   0.15327473E+26
   0.15366172E+26
   0.15404951E+26
   0.15443812E+26
   0.15482755E+26
   0.15521779E+26
   0.15560884E+26
   0.15600071E+26
   0.15639340E+26
   0.15678691E+26
   0.15718125E+26
   0.15757640E+26
   0.15797239E+26
   0.15836919E+26
   0.15876683E+26
   0.15916529E+26
   0.15956459E+26
   0.15996471E+26
   0.16036567E+26
   0.16076746E+26
   0.16117009E+26
   0.16157356E+26
   0.16197787E+26
   0.16238301E+26
   0.16278900E+26
   0.16319583E+26
   0.16360351E+26
   0.16401203E+26
   0.16442140E+26
   0.16483162E+26
   0.16524269E+26
   0.16565461E+26
   0.16606739E+26
   0.16648102E+26
   0.16689551E+26
   0.16731085E+26
   0.16772705E+26
   0.16814412E+26
   0.16856205E+26
   0.16898084E+26
   0.16940049E+26
   0.16982101E+26
   0.17024240E+26
   0.17066467E+26
   0.17108780E+26
   0.17151180E+26
   0.17193668E+26
   0.17236243E+26
   0.17278907E+26
   0.17321658E+26
   0.17364497E+26
   0.17407424E+26
   0.17450440E+26
   0.17493544E+26
   0.17536736E+26
   0.17580018E+26
   0.17623388E+26
   0.17666848E+26
   0.17710396E+26
   0.17754035E+26
   0.17797762E+26
   0.17841580E+26
   0.17885487E+26
   0.17929484E+26
   0.17973572E+26
   0.18017749E+26
   0.18062018E+26
   0.18106377E+26
   0.18150826E+26
   0.18195367E+26
   0.18239999E+26
   0.18284722E+26
   0.18329536E+26
   0.18374442E+26
   0.18419440E+26
   0.18464530E+26
   0.18509711E+26
   0.18554985E+26
   0.18600351E+26
   0.18645810E+26
   0.18691362E+26
   0.18737006E+26
   0.18782744E+26
   0.18828574E+26
   0.18874498E+26
   0.18920515E+26
   0.18966626E+26
   0.19012831E+26
   0.19059130E+26
   0.19105523E+26
   0.19152010E+26
   0.19198592E+26
   0.19245268E+26
   0.19292040E+26
   0.19338906E+26
   0.19385867E+26
   0.19432923E+26
   0.19480075E+26
   0.19527323E+26
   0.19574666E+26
   0.19622106E+26
   0.19669641E+26
   0.19717273E+26
   0.19765001E+26
   0.19812826E+26
   0.19860747E+26
   0.19908766E+26
   0.19956881E+26
   0.20005094E+26
   0.20053405E+26
   0.20101813E+26
   0.20150318E+26
   0.20198922E+26
   0.20247624E+26
   0.20296424E+26
   0.20345323E+26
   0.20394320E+26
   0.20443416E+26
   0.20492611E+26
   0.20541905E+26
   0.20591298E+26
   0.20640791E+26
   0.20690384E+26
   0.20740077E+26
   0.20789869E+26
   0.20839762E+26
   0.20889755E+26
   0.20939849E+26
   0.20990043E+26
   0.21040338E+26
   0.21090734E+26
   0.21141232E+26
   0.21191831E+26
   0.21242531E+26
   0.21293333E+26
   0.21344238E+26
   0.21395244E+26
   0.21446353E+26
   0.21497564E+26
   0.21548877E+26
   0.21600294E+26
   0.21651813E+26
   0.21703436E+26
   0.21755162E+26
   0.21806992E+26
   0.21858925E+26
   0.21910963E+26
   0.21963104E+26
   0.22015350E+26
   0.22067700E+26
   0.22120154E+26
   0.22172714E+26
   0.22225378E+26
   0.22278148E+26
   0.22331023E+26
   0.22384004E+26
   0.22437090E+26
   0.22490282E+26
   0.22543581E+26
   0.22596985E+26
   0.22650496E+26
   0.22704114E+26
   0.22757839E+26
   0.22811670E+26
   0.22865609E+26
   0.22919655E+26
   0.22973809E+26
   0.23028071E+26
   0.23082440E+26
   0.23136918E+26
   0.23191504E+26
   0.23246198E+26
   0.23301001E+26
   0.23355913E+26
   0.23410935E+26
   0.23466065E+26
   0.23521305E+26
   0.23576655E+26
   0.23632114E+26
   0.23687684E+26
   0.23743364E+26
   0.23799154E+26
   0.23855055E+26
   0.23911066E+26
   0.23967189E+26
   0.24023423E+26
   0.24079768E+26
   0.24136225E+26
   0.24192794E+26
   0.24249474E+26
   0.24306267E+26
   0.24363172E+26
   0.24420190E+26
   0.24477321E+26
   0.24534564E+26
   0.24591921E+26
   0.24649391E+26
   0.24706974E+26
   0.24764672E+26
   0.24822483E+26
   0.24880409E+26
   0.24938448E+26
   0.24996603E+26
   0.25054872E+26
   0.25113256E+26
   0.25171755E+26
   0.25230370E+26
   0.25289100E+26
   0.25347946E+26
   0.25406908E+26
   0.25465986E+26
   0.25525181E+26
   0.25584492E+26
   0.25643920E+26
   0.25703465E+26
   0.25763127E+26
   0.25822906E+26
   0.25882803E+26
   0.25942818E+26
   0.26002951E+26
   0.26063202E+26
   0.26123572E+26
   0.26184060E+26
   0.26244667E+26
   0.26305393E+26
   0.26366238E+26
   0.26427203E+26
   0.26488288E+26
   0.26549492E+26
   0.26610817E+26
   0.26672262E+26
   0.26733827E+26
   0.26795513E+26
   0.26857320E+26
   0.26919249E+26
   0.26981298E+26
   0.27043469E+26
   0.27105763E+26
   0.27168178E+26
   0.27230715E+26
   0.27293375E+26
   0.27356157E+26
   0.27419062E+26
   0.27482091E+26
   0.27545243E+26
   0.27608518E+26
   0.27671917E+26
   0.27735440E+26
   0.27799087E+26
   0.27862859E+26
   0.27926755E+26
   0.27990776E+26
   0.28054922E+26
   0.28119193E+26
   0.28183590E+26
   0.28248113E+26
   0.28312761E+26
   0.28377536E+26
   0.28442437E+26
   0.28507465E+26
   0.28572619E+26
   0.28637901E+26
   0.28703310E+26
   0.28768846E+26
   0.28834511E+26
   0.28900303E+26
   0.28966223E+26
   0.29032272E+26
   0.29098449E+26
   0.29164755E+26
   0.29231191E+26
   0.29297755E+26
   0.29364449E+26
   0.29431273E+26
   0.29498227E+26
   0.29565311E+26
   0.29632526E+26
   0.29699872E+26
   0.29767348E+26
   0.29834955E+26
   0.29902694E+26
   0.29970565E+26
   0.30038567E+26
   0.30106701E+26
   0.30174968E+26
   0.30243367E+26
   0.30311899E+26
   0.30380565E+26
   0.30449363E+26
   0.30518295E+26
   0.30587360E+26
   0.30656560E+26
   0.30725894E+26
   0.30795362E+26
   0.30864965E+26
   0.30934703E+26
   0.31004576E+26
   0.31074584E+26
   0.31144728E+26
   0.31215008E+26
   0.31285424E+26
   0.31355977E+26
   0.31426666E+26
   0.31497491E+26
   0.31568454E+26
   0.31639555E+26
   0.31710793E+26
   0.31782168E+26
   0.31853682E+26
   0.31925334E+26
   0.31997125E+26
   0.32069054E+26
   0.32141122E+26
   0.32213330E+26
   0.32285677E+26
   0.32358164E+26
   0.32430791E+26
   0.32503559E+26
   0.32576467E+26
   0.32649515E+26
   0.32722705E+26
   0.32796036E+26
   0.32869509E+26
   0.32943123E+26
   0.33016879E+26
   0.33090778E+26
   0.33164819E+26
   0.33239003E+26
   0.33313330E+26
   0.33387800E+26
   0.33462414E+26
   0.33537172E+26
   0.33612074E+26
   0.33687120E+26
   0.33762310E+26
   0.33837646E+26
   0.33913126E+26
   0.33988752E+26
   0.34064524E+26
   0.34140441E+26
   0.34216505E+26
   0.34292715E+26
   0.34369071E+26
   0.34445575E+26
   0.34522225E+26
   0.34599024E+26
   0.34675969E+26
   0.34753063E+26
   0.34830305E+26
   0.34907696E+26
   0.34985235E+26
   0.35062923E+26
   0.35140761E+26
   0.35218748E+26
   0.35296885E+26
   0.35375172E+26
   0.35453609E+26
   0.35532197E+26
   0.35610936E+26
   0.35689826E+26
   0.35768867E+26
   0.35848060E+26
   0.35927405E+26
   0.36006903E+26
   0.36086552E+26
   0.36166355E+26
   0.36246311E+26
   0.36326420E+26
   0.36406682E+26
   0.36487099E+26
   0.36567669E+26
   0.36648394E+26
   0.36729274E+26
   0.36810309E+26
   0.36891499E+26
   0.36972844E+26
   0.37054346E+26
   0.37136003E+26
   0.37217817E+26
   0.37299787E+26
   0.37381914E+26
   0.37464199E+26
   0.37546641E+26
   0.37629241E+26
   0.37711998E+26
   0.37794915E+26
   0.37877989E+26
   0.37961223E+26
   0.38044616E+26
   0.38128168E+26
   0.38211880E+26
   0.38295752E+26
   0.38379785E+26
   0.38463978E+26
   0.38548332E+26
   0.38632847E+26
   0.38717523E+26
   0.38802362E+26
   0.38887362E+26
   0.38972525E+26
   0.39057850E+26
   0.39143338E+26
   0.39228990E+26
   0.39314805E+26
   0.39400784E+26
   0.39486926E+26
   0.39573234E+26
   0.39659706E+26
   0.39746343E+26
   0.39833145E+26
   0.39920113E+26
   0.40007246E+26
   0.40094546E+26
   0.40182012E+26
   0.40269645E+26
   0.40357446E+26
   0.40445413E+26
   0.40533548E+26
   0.40621851E+26
   0.40710322E+26
   0.40798962E+26
   0.40887771E+26
   0.40976749E+26
   0.41065896E+26
   0.41155214E+26
   0.41244701E+26
   0.41334358E+26
   0.41424187E+26
   0.41514186E+26
   0.41604357E+26
   0.41694699E+26
   0.41785213E+26
   0.41875899E+26
   0.41966758E+26
   0.42057790E+26
   0.42148995E+26
   0.42240373E+26
   0.42331925E+26
   0.42423652E+26
   0.42515552E+26
   0.42607628E+26
   0.42699878E+26
   0.42792304E+26
   0.42884905E+26
   0.42977682E+26
   0.43070636E+26
   0.43163766E+26
   0.43257073E+26
   0.43350558E+26
   0.43444220E+26
   0.43538060E+26
   0.43632078E+26
   0.43726274E+26
   0.43820650E+26
   0.43915204E+26
   0.44009938E+26
   0.44104852E+26
   0.44199946E+26
   0.44295221E+26
   0.44390676E+26
   0.44486312E+26
   0.44582130E+26
   0.44678130E+26
   0.44774311E+26
   0.44870675E+26
   0.44967222E+26
   0.45063952E+26
   0.45160865E+26
   0.45257962E+26
   0.45355244E+26
   0.45452709E+26
   0.45550359E+26
   0.45648194E+26
   0.45746215E+26
   0.45844421E+26
   0.45942814E+26
   0.46041393E+26
   0.46140158E+26
   0.46239111E+26
   0.46338251E+26
   0.46437579E+26
   0.46537094E+26
   0.46636799E+26
   0.46736692E+26
   0.46836774E+26
   0.46937045E+26
   0.47037507E+26
   0.47138158E+26
   0.47239000E+26
   0.47340033E+26
   0.47441257E+26
   0.47542672E+26
   0.47644280E+26
   0.47746079E+26
   0.47848071E+26
   0.47950256E+26
   0.48052634E+26
   0.48155206E+26
   0.48257971E+26
   0.48360931E+26
   0.48464086E+26
   0.48567435E+26
   0.48670980E+26
   0.48774721E+26
   0.48878657E+26
   0.48982790E+26
   0.49087120E+26
   0.49191647E+26
   0.49296371E+26
   0.49401293E+26
   0.49506413E+26
   0.49611732E+26
   0.49717250E+26
   0.49822967E+26
   0.49928884E+26
   0.50035000E+26
   0.50141317E+26
   0.50247834E+26
   0.50354553E+26
   0.50461473E+26
   0.50568595E+26
   0.50675919E+26
   0.50783445E+26
   0.50891175E+26
   0.50999107E+26
   0.51107244E+26
   0.51215584E+26
   0.51324129E+26
   0.51432878E+26
   0.51541832E+26
   0.51650992E+26
   0.51760358E+26
   0.51869930E+26
   0.51979708E+26
   0.52089694E+26
   0.52199886E+26
   0.52310287E+26
   0.52420895E+26
   0.52531712E+26
   0.52642738E+26
   0.52753973E+26
   0.52865418E+26
   0.52977072E+26
   0.53088937E+26
   0.53201013E+26
   0.53313300E+26
   0.53425798E+26
   0.53538508E+26
   0.53651431E+26
   0.53764566E+26
   0.53877914E+26
   0.53991475E+26
   0.54105250E+26
   0.54219240E+26
   0.54333444E+26
   0.54447863E+26
   0.54562497E+26
   0.54677348E+26
   0.54792414E+26
   0.54907697E+26
   0.55023196E+26
   0.55138913E+26
   0.55254848E+26
   0.55371001E+26
   0.55487372E+26
   0.55603962E+26
   0.55720772E+26
   0.55837801E+26
   0.55955050E+26
   0.56072520E+26
   0.56190211E+26
   0.56308123E+26
   0.56426256E+26
   0.56544612E+26
   0.56663190E+26
   0.56781991E+26
   0.56901015E+26
   0.57020264E+26
   0.57139736E+26
   0.57259432E+26
   0.57379354E+26
   0.57499501E+26
   0.57619874E+26
   0.57740472E+26
   0.57861298E+26
   0.57982350E+26
   0.58103630E+26
   0.58225137E+26
   0.58346873E+26
   0.58468838E+26
   0.58591031E+26
   0.58713454E+26
   0.58836107E+26
   0.58958990E+26
   0.59082103E+26
   0.59205448E+26
   0.59329024E+26
   0.59452833E+26
   0.59576873E+26
   0.59701147E+26
   0.59825654E+26
   0.59950394E+26
   0.60075369E+26
   0.60200578E+26
   0.60326021E+26
   0.60451701E+26
   0.60577616E+26
   0.60703767E+26
   0.60830155E+26
   0.60956780E+26
   0.61083642E+26
   0.61210743E+26
   0.61338081E+26
   0.61465659E+26
   0.61593476E+26
   0.61721532E+26
   0.61849829E+26
   0.61978366E+26
   0.62107144E+26
   0.62236163E+26
   0.62365425E+26
   0.62494928E+26
   0.62624674E+26
   0.62754664E+26
   0.62884897E+26
   0.63015374E+26
   0.63146096E+26
   0.63277063E+26
   0.63408275E+26
   0.63539732E+26
   0.63671436E+26
   0.63803387E+26
   0.63935585E+26
   0.64068031E+26
   0.64200725E+26
   0.64333667E+26
   0.64466858E+26
   0.64600299E+26
   0.64733990E+26
   0.64867931E+26
   0.65002122E+26
   0.65136565E+26
   0.65271260E+26
   0.65406207E+26
   0.65541406E+26
   0.65676859E+26
   0.65812565E+26
   0.65948525E+26
   0.66084740E+26
   0.66221209E+26
   0.66357934E+26
   0.66494915E+26
   0.66632152E+26
   0.66769646E+26
   0.66907398E+26
   0.67045407E+26
   0.67183674E+26
   0.67322200E+26
   0.67460985E+26
   0.67600029E+26
   0.67739334E+26
   0.67878899E+26
   0.68018725E+26
   0.68158813E+26
   0.68299163E+26
   0.68439775E+26
   0.68580651E+26
   0.68721789E+26
   0.68863192E+26
   0.69004859E+26
   0.69146790E+26
   0.69288987E+26
   0.69431450E+26
   0.69574180E+26
   0.69717176E+26
   0.69860439E+26
   0.70003970E+26
   0.70147770E+26
   0.70291838E+26
   0.70436175E+26
   0.70580782E+26
   0.70725659E+26
   0.70870807E+26
   0.71016227E+26
   0.71161918E+26
   0.71307881E+26
   0.71454117E+26
   0.71600626E+26
   0.71747408E+26
   0.71894465E+26
   0.72041797E+26
   0.72189404E+26
   0.72337286E+26
   0.72485445E+26
   0.72633880E+26
   0.72782592E+26
   0.72931583E+26
   0.73080851E+26
   0.73230398E+26
   0.73380225E+26
   0.73530331E+26
   0.73680717E+26
   0.73831384E+26
   0.73982332E+26
   0.74133563E+26
   0.74285075E+26
   0.74436870E+26
   0.74588949E+26
   0.74741311E+26
   0.74893958E+26
   0.75046890E+26
   0.75200107E+26
   0.75353610E+26
   0.75507399E+26
   0.75661475E+26
   0.75815839E+26
   0.75970491E+26
   0.76125431E+26
   0.76280661E+26
   0.76436180E+26
   0.76591989E+26
   0.76748089E+26
   0.76904480E+26
   0.77061162E+26
   0.77218137E+26
   0.77375405E+26
   0.77532966E+26
   0.77690821E+26
   0.77848970E+26
   0.78007414E+26
   0.78166153E+26
   0.78325189E+26
   0.78484521E+26
   0.78644150E+26
   0.78804077E+26
   0.78964302E+26
   0.79124825E+26
   0.79285648E+26
   0.79446771E+26
   0.79608194E+26
   0.79769918E+26
   0.79931943E+26
   0.80094270E+26
   0.80256900E+26
   0.80419833E+26
   0.80583070E+26
   0.80746610E+26
   0.80910456E+26
   0.81074607E+26
   0.81239063E+26
   0.81403826E+26
   0.81568896E+26
   0.81734274E+26
   0.81899960E+26
   0.82065954E+26
   0.82232258E+26
   0.82398871E+26
   0.82565795E+26
   0.82733029E+26
   0.82900576E+26
   0.83068434E+26
   0.83236605E+26
   0.83405089E+26
   0.83573887E+26
   0.83742999E+26
   0.83912426E+26
   0.84082169E+26
   0.84252227E+26
   0.84422603E+26
   0.84593295E+26
   0.84764305E+26
   0.84935634E+26
   0.85107282E+26
   0.85279249E+26
   0.85451537E+26
   0.85624145E+26
   0.85797074E+26
   0.85970325E+26
   0.86143899E+26
   0.86317796E+26
   0.86492016E+26
   0.86666561E+26
   0.86841431E+26
   0.87016626E+26
   0.87192147E+26
   0.87367994E+26
   0.87544169E+26
   0.87720672E+26
   0.87897503E+26
   0.88074663E+26
   0.88252153E+26
   0.88429973E+26
   0.88608123E+26
   0.88786606E+26
   0.88965420E+26
   0.89144567E+26
   0.89324047E+26
   0.89503861E+26
   0.89684009E+26
   0.89864492E+26
   0.90045312E+26
   0.90226467E+26
   0.90407959E+26
   0.90589789E+26
   0.90771957E+26
   0.90954464E+26
   0.91137310E+26
   0.91320496E+26
   0.91504023E+26
   0.91687891E+26
   0.91872100E+26
   0.92056653E+26
   0.92241548E+26
   0.92426787E+26
   0.92612371E+26
   0.92798299E+26
   0.92984573E+26
   0.93171193E+26
   0.93358161E+26
   0.93545475E+26
   0.93733138E+26
   0.93921150E+26
   0.94109511E+26
   0.94298222E+26
   0.94487284E+26
   0.94676697E+26
   0.94866462E+26
   0.95056580E+26
   0.95247051E+26
   0.95437876E+26
   0.95629056E+26
   0.95820590E+26
   0.96012481E+26
   0.96204728E+26
   0.96397332E+26
   0.96590294E+26
   0.96783615E+26
   0.96977294E+26
   0.97171334E+26
   0.97365733E+26
   0.97560494E+26
   0.97755617E+26
   0.97951102E+26
   0.98146950E+26
   0.98343162E+26
   0.98539738E+26
   0.98736679E+26
   0.98933986E+26
   0.99131659E+26
   0.99329700E+26
   0.99528108E+26
   0.99726884E+26
   0.99926030E+26
   0.10012554E+27
   0.10032543E+27
   0.10052569E+27
   0.10072632E+27
   0.10092732E+27
   0.10112869E+27
   0.10133044E+27
   0.10153256E+27
   0.10173506E+27
   0.10193793E+27
   0.10214118E+27
   0.10234481E+27
   0.10254881E+27
   0.10275320E+27
   0.10295796E+27
   0.10316310E+27
   0.10336863E+27
   0.10357453E+27
   0.10378082E+27
   0.10398749E+27
   0.10419454E+27
   0.10440198E+27
   0.10460980E+27
   0.10481801E+27
   0.10502660E+27
   0.10523558E+27
   0.10544495E+27
   0.10565471E+27
   0.10586486E+27
   0.10607539E+27
   0.10628632E+27
   0.10649764E+27
   0.10670935E+27
   0.10692145E+27
   0.10713394E+27
   0.10734683E+27
   0.10756012E+27
   0.10777380E+27
   0.10798787E+27
   0.10820235E+27
   0.10841722E+27
   0.10863248E+27
   0.10884815E+27
   0.10906422E+27
   0.10928069E+27
   0.10949756E+27
   0.10971483E+27
   0.10993251E+27
   0.11015058E+27
   0.11036907E+27
   0.11058795E+27
   0.11080725E+27
   0.11102695E+27
   0.11124705E+27
   0.11146757E+27
   0.11168849E+27
   0.11190982E+27
   0.11213156E+27
   0.11235372E+27
   0.11257628E+27
   0.11279926E+27
   0.11302265E+27
   0.11324646E+27
   0.11347068E+27
   0.11369531E+27
   0.11392036E+27
   0.11414583E+27
   0.11437171E+27
   0.11459802E+27
   0.11482474E+27
   0.11505188E+27
   0.11527945E+27
   0.11550743E+27
   0.11573584E+27
   0.11596467E+27
   0.11619392E+27
   0.11642360E+27
   0.11665370E+27
   0.11688423E+27
   0.11711519E+27
   0.11734657E+27
   0.11757839E+27
   0.11781063E+27
   0.11804330E+27
   0.11827640E+27
   0.11850994E+27
   0.11874390E+27
   0.11897830E+27
   0.11921313E+27
   0.11944840E+27
   0.11968410E+27
   0.11992024E+27
   0.12015682E+27
   0.12039383E+27
   0.12063129E+27
   0.12086918E+27
   0.12110751E+27
   0.12134628E+27
   0.12158550E+27
   0.12182516E+27
   0.12206526E+27
   0.12230580E+27
   0.12254679E+27
   0.12278823E+27
   0.12303011E+27
   0.12327244E+27
   0.12351522E+27
   0.12375844E+27
   0.12400212E+27
   0.12424625E+27
   0.12449083E+27
   0.12473586E+27
   0.12498134E+27
   0.12522728E+27
   0.12547367E+27
   0.12572052E+27
   0.12596782E+27
   0.12621559E+27
   0.12646380E+27
   0.12671248E+27
   0.12696162E+27
   0.12721122E+27
   0.12746128E+27
   0.12771180E+27
   0.12796279E+27
   0.12821423E+27
   0.12846615E+27
   0.12871853E+27
   0.12897137E+27
   0.12922468E+27
   0.12947846E+27
   0.12973271E+27
   0.12998743E+27
   0.13024262E+27
   0.13049828E+27
   0.13075441E+27
   0.13101102E+27
   0.13126810E+27
   0.13152565E+27
   0.13178368E+27
   0.13204219E+27
   0.13230117E+27
   0.13256063E+27
   0.13282057E+27
   0.13308099E+27
   0.13334189E+27
   0.13360328E+27
   0.13386514E+27
   0.13412749E+27
   0.13439032E+27
   0.13465364E+27
   0.13491744E+27
   0.13518173E+27
   0.13544651E+27
   0.13571178E+27
   0.13597753E+27
   0.13624378E+27
   0.13651052E+27
   0.13677775E+27
   0.13704547E+27
   0.13731368E+27
   0.13758239E+27
   0.13785160E+27
   0.13812130E+27
   0.13839150E+27
   0.13866220E+27
   0.13893340E+27
   0.13920509E+27
   0.13947729E+27
   0.13974999E+27
   0.14002319E+27
   0.14029690E+27
   0.14057111E+27
   0.14084582E+27
   0.14112104E+27
   0.14139677E+27
   0.14167301E+27
   0.14194975E+27
   0.14222701E+27
   0.14250477E+27
   0.14278305E+27
   0.14306184E+27
   0.14334114E+27
   0.14362096E+27
   0.14390129E+27
   0.14418214E+27
   0.14446350E+27
   0.14474539E+27
   0.14502779E+27
   0.14531071E+27
   0.14559415E+27
   0.14587812E+27
   0.14616260E+27
   0.14644761E+27
   0.14673315E+27
   0.14701921E+27
   0.14730579E+27
   0.14759291E+27
   0.14788055E+27
   0.14816872E+27
   0.14845742E+27
   0.14874665E+27
   0.14903641E+27
   0.14932671E+27
   0.14961753E+27
   0.14990890E+27
   0.15020080E+27
   0.15049323E+27
   0.15078620E+27
   0.15107971E+27
   0.15137376E+27
   0.15166835E+27
   0.15196348E+27
   0.15225916E+27
   0.15255537E+27
   0.15285213E+27
   0.15314944E+27
   0.15344729E+27
   0.15374568E+27
   0.15404463E+27
   0.15434412E+27
   0.15464416E+27
   0.15494476E+27
   0.15524590E+27
   0.15554760E+27
   0.15584985E+27
   0.15615265E+27
   0.15645601E+27
   0.15675993E+27
   0.15706440E+27
   0.15736944E+27
   0.15767503E+27
   0.15798118E+27
   0.15828789E+27
   0.15859516E+27
   0.15890300E+27
   0.15921140E+27
   0.15952036E+27
   0.15982990E+27
   0.16013999E+27
   0.16045066E+27
   0.16076189E+27
   0.16107370E+27
   0.16138607E+27
   0.16169902E+27
   0.16201254E+27
   0.16232663E+27
   0.16264130E+27
   0.16295654E+27
   0.16327236E+27
   0.16358875E+27
   0.16390573E+27
   0.16422328E+27
   0.16454141E+27
   0.16486013E+27
   0.16517943E+27
   0.16549931E+27
   0.16581977E+27
   0.16614082E+27
   0.16646246E+27
   0.16678468E+27
   0.16710750E+27
   0.16743090E+27
   0.16775489E+27
   0.16807947E+27
   0.16840464E+27
   0.16873041E+27
   0.16905677E+27
   0.16938373E+27
   0.16971128E+27
   0.17003943E+27
   0.17036818E+27
   0.17069752E+27
   0.17102747E+27
   0.17135801E+27
   0.17168916E+27
   0.17202091E+27
   0.17235327E+27
   0.17268623E+27
   0.17301979E+27
   0.17335397E+27
   0.17368875E+27
   0.17402414E+27
   0.17436013E+27
   0.17469674E+27
   0.17503396E+27
   0.17537180E+27
   0.17571025E+27
   0.17604931E+27
   0.17638899E+27
   0.17672928E+27
   0.17707019E+27
   0.17741172E+27
   0.17775387E+27
   0.17809664E+27
   0.17844004E+27
   0.17878405E+27
   0.17912869E+27
   0.17947395E+27
   0.17981984E+27
   0.18016635E+27
   0.18051349E+27
   0.18086127E+27
   0.18120966E+27
   0.18155869E+27
   0.18190836E+27
   0.18225865E+27
   0.18260958E+27
   0.18296114E+27
   0.18331333E+27
   0.18366617E+27
   0.18401964E+27
   0.18437375E+27
   0.18472849E+27
   0.18508388E+27
   0.18543991E+27
   0.18579658E+27
   0.18615389E+27
   0.18651185E+27
   0.18687045E+27
   0.18722970E+27
   0.18758960E+27
   0.18795014E+27
   0.18831133E+27
   0.18867318E+27
   0.18903567E+27
   0.18939881E+27
   0.18976261E+27
   0.19012706E+27
   0.19049217E+27
   0.19085793E+27
   0.19122435E+27
   0.19159142E+27
   0.19195916E+27
   0.19232755E+27
   0.19269660E+27
   0.19306632E+27
   0.19343670E+27
   0.19380774E+27
   0.19417944E+27
   0.19455181E+27
   0.19492485E+27
   0.19529855E+27
   0.19567292E+27
   0.19604796E+27
   0.19642367E+27
   0.19680005E+27
   0.19717710E+27
   0.19755482E+27
   0.19793322E+27
   0.19831229E+27
   0.19869204E+27
   0.19907246E+27
   0.19945356E+27
   0.19983534E+27
   0.20021780E+27
   0.20060093E+27
   0.20098475E+27
   0.20136925E+27
   0.20175443E+27
   0.20214030E+27
   0.20252685E+27
   0.20291408E+27
   0.20330200E+27
   0.20369061E+27
   0.20407991E+27
   0.20446989E+27
   0.20486057E+27
   0.20525193E+27
   0.20564399E+27
   0.20603674E+27
   0.20643018E+27
   0.20682432E+27
   0.20721915E+27
   0.20761467E+27
   0.20801089E+27
   0.20840781E+27
   0.20880543E+27
   0.20920375E+27
   0.20960277E+27
   0.21000248E+27
   0.21040290E+27
   0.21080403E+27
   0.21120585E+27
   0.21160838E+27
   0.21201161E+27
   0.21241555E+27
   0.21282020E+27
   0.21322555E+27
   0.21363161E+27
   0.21403838E+27
   0.21444585E+27
   0.21485404E+27
   0.21526294E+27
   0.21567255E+27
   0.21608288E+27
   0.21649391E+27
   0.21690566E+27
   0.21731813E+27
   0.21773131E+27
   0.21814521E+27
   0.21855982E+27
   0.21897515E+27
   0.21939120E+27
   0.21980797E+27
   0.22022546E+27
   0.22064367E+27
   0.22106260E+27
   0.22148225E+27
   0.22190262E+27
   0.22232372E+27
   0.22274554E+27
   0.22316808E+27
   0.22359135E+27
   0.22401535E+27
   0.22444007E+27
   0.22486552E+27
   0.22529169E+27
   0.22571860E+27
   0.22614623E+27
   0.22657459E+27
   0.22700368E+27
   0.22743351E+27
   0.22786406E+27
   0.22829534E+27
   0.22872736E+27
   0.22916011E+27
   0.22959359E+27
   0.23002781E+27
   0.23046276E+27
   0.23089844E+27
   0.23133486E+27
   0.23177201E+27
   0.23220990E+27
   0.23264853E+27
   0.23308790E+27
   0.23352800E+27
   0.23396884E+27
   0.23441041E+27
   0.23485273E+27
   0.23529579E+27
   0.23573958E+27
   0.23618412E+27
   0.23662939E+27
   0.23707540E+27
   0.23752216E+27
   0.23796966E+27
   0.23841790E+27
   0.23886688E+27
   0.23931660E+27
   0.23976706E+27
   0.24021827E+27
   0.24067022E+27
   0.24112291E+27
   0.24157635E+27
   0.24203053E+27
   0.24248545E+27
   0.24294112E+27
   0.24339753E+27
   0.24385469E+27
   0.24431259E+27
   0.24477124E+27
   0.24523063E+27
   0.24569076E+27
   0.24615164E+27
   0.24661327E+27
   0.24707563E+27
   0.24753875E+27
   0.24800261E+27
   0.24846721E+27
   0.24893256E+27
   0.24939866E+27
   0.24986550E+27
   0.25033308E+27
   0.25080142E+27
   0.25127049E+27
   0.25174031E+27
   0.25221087E+27
   0.25268218E+27
   0.25315424E+27
   0.25362703E+27
   0.25410058E+27
   0.25457486E+27
   0.25504989E+27
   0.25552566E+27
   0.25600218E+27
   0.25647944E+27
   0.25695744E+27
   0.25743618E+27
   0.25791567E+27
   0.25839589E+27
   0.25887686E+27
   0.25935857E+27
   0.25984102E+27
   0.26032421E+27
   0.26080813E+27
   0.26129280E+27
   0.26177821E+27
   0.26226435E+27
   0.26275123E+27
   0.26323885E+27
   0.26372720E+27
   0.26421629E+27
   0.26470611E+27
   0.26519667E+27
   0.26568796E+27
   0.26617999E+27
   0.26667275E+27
   0.26716623E+27
   0.26766045E+27
   0.26815540E+27
   0.26865108E+27
   0.26914749E+27
   0.26964462E+27
   0.27014248E+27
   0.27064106E+27
   0.27114037E+27
   0.27164040E+27
   0.27214116E+27
   0.27264264E+27
   0.27314483E+27
   0.27364775E+27
   0.27415138E+27
   0.27465574E+27
   0.27516080E+27
   0.27566659E+27
   0.27617308E+27
   0.27668029E+27
   0.27718821E+27
   0.27769683E+27
   0.27820617E+27
   0.27871621E+27
   0.27922696E+27
   0.27973841E+27
   0.28025057E+27
   0.28076342E+27
   0.28127698E+27
   0.28179123E+27
   0.28230618E+27
   0.28282182E+27
   0.28333816E+27
   0.28385518E+27
   0.28437290E+27
   0.28489131E+27
   0.28541040E+27
   0.28593017E+27
   0.28645063E+27
   0.28697177E+27
   0.28749358E+27
   0.28801607E+27
   0.28853924E+27
   0.28906308E+27
   0.28958759E+27
   0.29011277E+27
   0.29063861E+27
   0.29116512E+27
   0.29169228E+27
   0.29222011E+27
   0.29274860E+27
   0.29327774E+27
   0.29380753E+27
   0.29433797E+27
   0.29486906E+27
   0.29540080E+27
   0.29593317E+27
   0.29646619E+27
   0.29699985E+27
   0.29753413E+27
   0.29806905E+27
   0.29860460E+27
   0.29914078E+27
   0.29967758E+27
   0.30021500E+27
   0.30075304E+27
   0.30129169E+27
   0.30183096E+27
   0.30237083E+27
   0.30291131E+27
   0.30345240E+27
   0.30399408E+27
   0.30453636E+27
   0.30507923E+27
   0.30562269E+27
   0.30616674E+27
   0.30671138E+27
   0.30725659E+27
   0.30780238E+27
   0.30834874E+27
   0.30889567E+27
   0.30944316E+27
   0.30999122E+27
   0.31053984E+27
   0.31108901E+27
   0.31163873E+27
   0.31218900E+27
   0.31273981E+27
   0.31329117E+27
   0.31384305E+27
   0.31439547E+27
   0.31494842E+27
   0.31550189E+27
   0.31605588E+27
   0.31661038E+27
   0.31716539E+27
   0.31772092E+27
   0.31827694E+27
   0.31883346E+27
   0.31939047E+27
   0.31994797E+27
   0.32050596E+27
   0.32106443E+27
   0.32162337E+27
   0.32218278E+27
   0.32274266E+27
   0.32330299E+27
   0.32386379E+27
   0.32442503E+27
   0.32498673E+27
   0.32554886E+27
   0.32611143E+27
   0.32667443E+27
   0.32723786E+27
   0.32780171E+27
   0.32836597E+27
   0.32893065E+27
   0.32949573E+27
   0.33006121E+27
   0.33062708E+27
   0.33119334E+27
   0.33175999E+27
   0.33232702E+27
   0.33289441E+27
   0.33346218E+27
   0.33403030E+27
   0.33459879E+27
   0.33516762E+27
   0.33573679E+27
   0.33630630E+27
   0.33687615E+27
   0.33744632E+27
   0.33801681E+27
   0.33858761E+27
   0.33915873E+27
   0.33973014E+27
   0.34030185E+27
   0.34087385E+27
   0.34144613E+27
   0.34201869E+27
   0.34259152E+27
   0.34316461E+27
   0.34373796E+27
   0.34431156E+27
   0.34488540E+27
   0.34545948E+27
   0.34603380E+27
   0.34660833E+27
   0.34718309E+27
   0.34775805E+27
   0.34833322E+27
   0.34890859E+27
   0.34948414E+27
   0.35005988E+27
   0.35063579E+27
   0.35121188E+27
   0.35178812E+27
   0.35236452E+27
   0.35294107E+27
   0.35351775E+27
   0.35409457E+27
   0.35467152E+27
   0.35524858E+27
   0.35582576E+27
   0.35640304E+27
   0.35698042E+27
   0.35755788E+27
   0.35813543E+27
   0.35871304E+27
   0.35929073E+27
   0.35986847E+27
   0.36044627E+27
   0.36102411E+27
   0.36160198E+27
   0.36217988E+27
   0.36275780E+27
   0.36333574E+27
   0.36391368E+27
   0.36449161E+27
   0.36506953E+27
   0.36564744E+27
   0.36622531E+27
   0.36680316E+27
   0.36738095E+27
   0.36795870E+27
   0.36853639E+27
   0.36911401E+27
   0.36969155E+27
   0.37026901E+27
   0.37084638E+27
   0.37142365E+27
   0.37200081E+27
   0.37257786E+27
   0.37315478E+27
   0.37373157E+27
   0.37430821E+27
   0.37488471E+27
   0.37546105E+27
   0.37603722E+27
   0.37661322E+27
   0.37718904E+27
   0.37776467E+27
   0.37834009E+27
   0.37891531E+27
   0.37949032E+27
   0.38006510E+27
   0.38063964E+27
   0.38121395E+27
   0.38178800E+27
   0.38236180E+27
   0.38293533E+27
   0.38350859E+27
   0.38408156E+27
   0.38465424E+27
   0.38522662E+27
   0.38579870E+27
   0.38637045E+27
   0.38694188E+27
   0.38751298E+27
   0.38808374E+27
   0.38865414E+27
   0.38922418E+27
   0.38979386E+27
   0.39036316E+27
   0.39093208E+27
   0.39150061E+27
   0.39206873E+27
   0.39263645E+27
   0.39320374E+27
   0.39377062E+27
   0.39433705E+27
   0.39490305E+27
   0.39546859E+27
   0.39603368E+27
   0.39659829E+27
   0.39716243E+27
   0.39772609E+27
   0.39828926E+27
   0.39885192E+27
   0.39941408E+27
   0.39997572E+27
   0.40053683E+27
   0.40109742E+27
   0.40165746E+27
   0.40221695E+27
   0.40277589E+27
   0.40333426E+27
   0.40389206E+27
   0.40444928E+27
   0.40500591E+27
   0.40556194E+27
   0.40611737E+27
   0.40667218E+27
   0.40722638E+27
   0.40777995E+27
   0.40833288E+27
   0.40888517E+27
   0.40943681E+27
   0.40998779E+27
   0.41053811E+27
   0.41108775E+27
   0.41163671E+27
   0.41218499E+27
   0.41273256E+27
   0.41327944E+27
   0.41382560E+27
   0.41437105E+27
   0.41491577E+27
   0.41545976E+27
   0.41600302E+27
   0.41654552E+27
   0.41708727E+27
   0.41762827E+27
   0.41816849E+27
   0.41870794E+27
   0.41924661E+27
   0.41978449E+27
   0.42032158E+27
   0.42085787E+27
   0.42139335E+27
   0.42192802E+27
   0.42246186E+27
   0.42299488E+27
   0.42352706E+27
   0.42405840E+27
   0.42458890E+27
   0.42511854E+27
   0.42564733E+27
   0.42617525E+27
   0.42670230E+27
   0.42722847E+27
   0.42775376E+27
   0.42827816E+27
   0.42880166E+27
   0.42932427E+27
   0.42984596E+27
   0.43036675E+27
   0.43088662E+27
   0.43140556E+27
   0.43192357E+27
   0.43244066E+27
   0.43295680E+27
   0.43347199E+27
   0.43398624E+27
   0.43449952E+27
   0.43501185E+27
   0.43552321E+27
   0.43603360E+27
   0.43654301E+27
   0.43705145E+27
   0.43755891E+27
   0.43806538E+27
   0.43857085E+27
   0.43907531E+27
   0.43957875E+27
   0.44008116E+27
   0.44058256E+27
   0.44108296E+27
   0.44158238E+27
   0.44208082E+27
   0.44257830E+27
   0.44307475E+27
   0.44357009E+27
   0.44406424E+27
   0.44455714E+27
   0.44504876E+27
   0.44553930E+27
   0.44602904E+27
   0.44651825E+27
   0.44700719E+27
   0.44749614E+27
   0.44798534E+27
   0.44847509E+27
   0.44896563E+27
