  -0.23025851E+02   0.24415923E+10  -0.24411988E+10   0.24408055E+10
  -0.23002802E+02   0.23859686E+10  -0.23855927E+10   0.23844787E+10
  -0.22979753E+02   0.23316119E+10  -0.23312586E+10   0.23304042E+10
  -0.22956704E+02   0.22784933E+10  -0.22781597E+10   0.22773008E+10
  -0.22933655E+02   0.22265845E+10  -0.22262700E+10   0.22254731E+10
  -0.22910606E+02   0.21758580E+10  -0.21755614E+10   0.21748055E+10
  -0.22887558E+02   0.21262870E+10  -0.21260073E+10   0.21252947E+10
  -0.22864509E+02   0.20778451E+10  -0.20775814E+10   0.20769084E+10
  -0.22841460E+02   0.20305066E+10  -0.20302580E+10   0.20296227E+10
  -0.22818411E+02   0.19842464E+10  -0.19840120E+10   0.19834123E+10
  -0.22795362E+02   0.19390399E+10  -0.19388190E+10   0.19382528E+10
  -0.22772313E+02   0.18948632E+10  -0.18946549E+10   0.18941205E+10
  -0.22749264E+02   0.18516928E+10  -0.18514965E+10   0.18509920E+10
  -0.22726215E+02   0.18095057E+10  -0.18093207E+10   0.18088445E+10
  -0.22703166E+02   0.17682797E+10  -0.17681053E+10   0.17676558E+10
  -0.22680117E+02   0.17279928E+10  -0.17278285E+10   0.17274041E+10
  -0.22657069E+02   0.16886236E+10  -0.16884688E+10   0.16880682E+10
  -0.22634020E+02   0.16501512E+10  -0.16500054E+10   0.16496272E+10
  -0.22610971E+02   0.16125552E+10  -0.16124179E+10   0.16120609E+10
  -0.22587922E+02   0.15758157E+10  -0.15756863E+10   0.15753494E+10
  -0.22564873E+02   0.15399131E+10  -0.15397913E+10   0.15394732E+10
  -0.22541824E+02   0.15048284E+10  -0.15047137E+10   0.15044135E+10
  -0.22518775E+02   0.14705430E+10  -0.14704350E+10   0.14701516E+10
  -0.22495726E+02   0.14370386E+10  -0.14369370E+10   0.14366695E+10
  -0.22472677E+02   0.14042975E+10  -0.14042019E+10   0.14039494E+10
  -0.22449628E+02   0.13723023E+10  -0.13722123E+10   0.13719739E+10
  -0.22426580E+02   0.13410359E+10  -0.13409513E+10   0.13407263E+10
  -0.22403531E+02   0.13104819E+10  -0.13104023E+10   0.13101899E+10
  -0.22380482E+02   0.12806239E+10  -0.12805491E+10   0.12803486E+10
  -0.22357433E+02   0.12514462E+10  -0.12513758E+10   0.12511866E+10
  -0.22334384E+02   0.12229331E+10  -0.12228670E+10   0.12226884E+10
  -0.22311335E+02   0.11950697E+10  -0.11950076E+10   0.11948390E+10
  -0.22288286E+02   0.11678410E+10  -0.11677827E+10   0.11676236E+10
  -0.22265237E+02   0.11412327E+10  -0.11411780E+10   0.11410278E+10
  -0.22242188E+02   0.11152306E+10  -0.11151792E+10   0.11150374E+10
  -0.22219139E+02   0.10898209E+10  -0.10897726E+10   0.10896388E+10
  -0.22196091E+02   0.10649900E+10  -0.10649448E+10   0.10648185E+10
  -0.22173042E+02   0.10407249E+10  -0.10406825E+10   0.10405633E+10
  -0.22149993E+02   0.10170126E+10  -0.10169729E+10   0.10168604E+10
  -0.22126944E+02   0.99384054E+09  -0.99380334E+09   0.99369716E+09
  -0.22103895E+02   0.97119640E+09  -0.97116159E+09   0.97106136E+09
  -0.22080846E+02   0.94906816E+09  -0.94903559E+09   0.94894100E+09
  -0.22057797E+02   0.92744408E+09  -0.92741362E+09   0.92732435E+09
  -0.22034748E+02   0.90631265E+09  -0.90628420E+09   0.90619995E+09
  -0.22011699E+02   0.88566267E+09  -0.88563610E+09   0.88555659E+09
  -0.21988650E+02   0.86548316E+09  -0.86545838E+09   0.86538334E+09
  -0.21965602E+02   0.84576341E+09  -0.84574031E+09   0.84566949E+09
  -0.21942553E+02   0.82649295E+09  -0.82647143E+09   0.82640460E+09
  -0.21919504E+02   0.80766153E+09  -0.80764150E+09   0.80757844E+09
  -0.21896455E+02   0.78925915E+09  -0.78924054E+09   0.78918103E+09
  -0.21873406E+02   0.77127605E+09  -0.77125877E+09   0.77120262E+09
  -0.21850357E+02   0.75370267E+09  -0.75368665E+09   0.75363366E+09
  -0.21827308E+02   0.73652968E+09  -0.73651485E+09   0.73646485E+09
  -0.21804259E+02   0.71974795E+09  -0.71973424E+09   0.71968706E+09
  -0.21781210E+02   0.70334858E+09  -0.70333592E+09   0.70329141E+09
  -0.21758161E+02   0.68732285E+09  -0.68731118E+09   0.68726918E+09
  -0.21735113E+02   0.67166224E+09  -0.67165152E+09   0.67161189E+09
  -0.21712064E+02   0.65635845E+09  -0.65634861E+09   0.65631123E+09
  -0.21689015E+02   0.64140334E+09  -0.64139434E+09   0.64135907E+09
  -0.21665966E+02   0.62678896E+09  -0.62678076E+09   0.62674748E+09
  -0.21642917E+02   0.61250756E+09  -0.61250010E+09   0.61246871E+09
  -0.21619868E+02   0.59855156E+09  -0.59854480E+09   0.59851519E+09
  -0.21596819E+02   0.58491352E+09  -0.58490743E+09   0.58487950E+09
  -0.21573770E+02   0.57158622E+09  -0.57158075E+09   0.57155441E+09
  -0.21550721E+02   0.55856258E+09  -0.55855770E+09   0.55853285E+09
  -0.21527672E+02   0.54583566E+09  -0.54583134E+09   0.54580791E+09
  -0.21504624E+02   0.53339872E+09  -0.53339493E+09   0.53337283E+09
  -0.21481575E+02   0.52124515E+09  -0.52124185E+09   0.52122101E+09
  -0.21458526E+02   0.50936850E+09  -0.50936566E+09   0.50934601E+09
  -0.21435477E+02   0.49776244E+09  -0.49776004E+09   0.49774151E+09
  -0.21412428E+02   0.48642082E+09  -0.48641884E+09   0.48640137E+09
  -0.21389379E+02   0.47533762E+09  -0.47533602E+09   0.47531956E+09
  -0.21366330E+02   0.46450694E+09  -0.46450571E+09   0.46449019E+09
  -0.21343281E+02   0.45392303E+09  -0.45392215E+09   0.45390752E+09
  -0.21320232E+02   0.44358027E+09  -0.44357972E+09   0.44356593E+09
  -0.21297183E+02   0.43347317E+09  -0.43347293E+09   0.43345993E+09
  -0.21274135E+02   0.42359635E+09  -0.42359640E+09   0.42358416E+09
  -0.21251086E+02   0.41394458E+09  -0.41394490E+09   0.41393336E+09
  -0.21228037E+02   0.40451272E+09  -0.40451330E+09   0.40450243E+09
  -0.21204988E+02   0.39529575E+09  -0.39529658E+09   0.39528634E+09
  -0.21181939E+02   0.38628880E+09  -0.38628985E+09   0.38628021E+09
  -0.21158890E+02   0.37748707E+09  -0.37748834E+09   0.37747925E+09
  -0.21135841E+02   0.36888588E+09  -0.36888735E+09   0.36887880E+09
  -0.21112792E+02   0.36048066E+09  -0.36048233E+09   0.36047428E+09
  -0.21089743E+02   0.35226696E+09  -0.35226881E+09   0.35226123E+09
  -0.21066694E+02   0.34424041E+09  -0.34424242E+09   0.34423529E+09
  -0.21043646E+02   0.33639674E+09  -0.33639891E+09   0.33639221E+09
  -0.21020597E+02   0.32873179E+09  -0.32873411E+09   0.32872780E+09
  -0.20997548E+02   0.32124148E+09  -0.32124394E+09   0.32123801E+09
  -0.20974499E+02   0.31392184E+09  -0.31392444E+09   0.31391885E+09
  -0.20951450E+02   0.30676897E+09  -0.30677169E+09   0.30676645E+09
  -0.20928401E+02   0.29977908E+09  -0.29978192E+09   0.29977699E+09
  -0.20905352E+02   0.29294846E+09  -0.29295141E+09   0.29294678E+09
  -0.20882303E+02   0.28627347E+09  -0.28627653E+09   0.28627218E+09
  -0.20859254E+02   0.27975058E+09  -0.27975373E+09   0.27974964E+09
  -0.20836205E+02   0.27337630E+09  -0.27337954E+09   0.27337571E+09
  -0.20813157E+02   0.26714726E+09  -0.26715059E+09   0.26714700E+09
  -0.20790108E+02   0.26106016E+09  -0.26106356E+09   0.26106019E+09
  -0.20767059E+02   0.25511174E+09  -0.25511523E+09   0.25511206E+09
  -0.20744010E+02   0.24929886E+09  -0.24930242E+09   0.24929946E+09
  -0.20720961E+02   0.24361843E+09  -0.24362205E+09   0.24361928E+09
  -0.20697912E+02   0.23806743E+09  -0.23807111E+09   0.23806851E+09
  -0.20674863E+02   0.23264291E+09  -0.23264665E+09   0.23264422E+09
  -0.20651814E+02   0.22734198E+09  -0.22734577E+09   0.22734350E+09
  -0.20628765E+02   0.22216184E+09  -0.22216568E+09   0.22216356E+09
  -0.20605716E+02   0.21709973E+09  -0.21710362E+09   0.21710164E+09
  -0.20582668E+02   0.21215295E+09  -0.21215689E+09   0.21215504E+09
  -0.20559619E+02   0.20731889E+09  -0.20732287E+09   0.20732115E+09
  -0.20536570E+02   0.20259498E+09  -0.20259899E+09   0.20259739E+09
  -0.20513521E+02   0.19797870E+09  -0.19798275E+09   0.19798126E+09
  -0.20490472E+02   0.19346760E+09  -0.19347169E+09   0.19347030E+09
  -0.20467423E+02   0.18905929E+09  -0.18906340E+09   0.18906212E+09
  -0.20444374E+02   0.18475142E+09  -0.18475557E+09   0.18475437E+09
  -0.20421325E+02   0.18054171E+09  -0.18054588E+09   0.18054478E+09
  -0.20398276E+02   0.17642792E+09  -0.17643211E+09   0.17643109E+09
  -0.20375227E+02   0.17240786E+09  -0.17241208E+09   0.17241114E+09
  -0.20352179E+02   0.16847940E+09  -0.16848363E+09   0.16848277E+09
  -0.20329130E+02   0.16464045E+09  -0.16464470E+09   0.16464391E+09
  -0.20306081E+02   0.16088897E+09  -0.16089324E+09   0.16089251E+09
  -0.20283032E+02   0.15722297E+09  -0.15722726E+09   0.15722659E+09
  -0.20259983E+02   0.15364049E+09  -0.15364480E+09   0.15364419E+09
  -0.20236934E+02   0.15013965E+09  -0.15014397E+09   0.15014342E+09
  -0.20213885E+02   0.14671857E+09  -0.14672290E+09   0.14672241E+09
  -0.20190836E+02   0.14337545E+09  -0.14337979E+09   0.14337934E+09
  -0.20167787E+02   0.14010850E+09  -0.14011285E+09   0.14011245E+09
  -0.20144738E+02   0.13691598E+09  -0.13692034E+09   0.13691999E+09
  -0.20121690E+02   0.13379621E+09  -0.13380058E+09   0.13380027E+09
  -0.20098641E+02   0.13074752E+09  -0.13075190E+09   0.13075163E+09
  -0.20075592E+02   0.12776830E+09  -0.12777268E+09   0.12777245E+09
  -0.20052543E+02   0.12485696E+09  -0.12486135E+09   0.12486115E+09
  -0.20029494E+02   0.12201196E+09  -0.12201635E+09   0.12201618E+09
  -0.20006445E+02   0.11923178E+09  -0.11923617E+09   0.11923604E+09
  -0.19983396E+02   0.11651495E+09  -0.11651934E+09   0.11651924E+09
  -0.19960347E+02   0.11386002E+09  -0.11386442E+09   0.11386434E+09
  -0.19937298E+02   0.11126558E+09  -0.11126998E+09   0.11126993E+09
  -0.19914249E+02   0.10873026E+09  -0.10873466E+09   0.10873464E+09
  -0.19891201E+02   0.10625271E+09  -0.10625711E+09   0.10625711E+09
  -0.19868152E+02   0.10383161E+09  -0.10383601E+09   0.10383603E+09
  -0.19845103E+02   0.10146568E+09  -0.10147007E+09   0.10147012E+09
  -0.19822054E+02   0.99153650E+08  -0.99158047E+08   0.99158110E+08
  -0.19799005E+02   0.96894304E+08  -0.96898700E+08   0.96898780E+08
  -0.19775956E+02   0.94686438E+08  -0.94690831E+08   0.94690930E+08
  -0.19752907E+02   0.92528878E+08  -0.92533270E+08   0.92533385E+08
  -0.19729858E+02   0.90420480E+08  -0.90424868E+08   0.90424999E+08
  -0.19706809E+02   0.88360122E+08  -0.88364507E+08   0.88364653E+08
  -0.19683760E+02   0.86346710E+08  -0.86351091E+08   0.86351252E+08
  -0.19660712E+02   0.84379174E+08  -0.84383552E+08   0.84383725E+08
  -0.19637663E+02   0.82456469E+08  -0.82460843E+08   0.82461029E+08
  -0.19614614E+02   0.80577574E+08  -0.80581943E+08   0.80582141E+08
  -0.19591565E+02   0.78741490E+08  -0.78745855E+08   0.78746064E+08
  -0.19568516E+02   0.76947242E+08  -0.76951602E+08   0.76951821E+08
  -0.19545467E+02   0.75193876E+08  -0.75198231E+08   0.75198460E+08
  -0.19522418E+02   0.73480462E+08  -0.73484811E+08   0.73485050E+08
  -0.19499369E+02   0.71806088E+08  -0.71810432E+08   0.71810679E+08
  -0.19476320E+02   0.70169866E+08  -0.70174204E+08   0.70174460E+08
  -0.19453271E+02   0.68570926E+08  -0.68575257E+08   0.68575521E+08
  -0.19430223E+02   0.67008418E+08  -0.67012743E+08   0.67013015E+08
  -0.19407174E+02   0.65481512E+08  -0.65485831E+08   0.65486110E+08
  -0.19384125E+02   0.63989398E+08  -0.63993710E+08   0.63993995E+08
  -0.19361076E+02   0.62531282E+08  -0.62535588E+08   0.62535879E+08
  -0.19338027E+02   0.61106389E+08  -0.61110689E+08   0.61110986E+08
  -0.19314978E+02   0.59713964E+08  -0.59718256E+08   0.59718559E+08
  -0.19291929E+02   0.58353265E+08  -0.58357551E+08   0.58357859E+08
  -0.19268880E+02   0.57023571E+08  -0.57027849E+08   0.57028162E+08
  -0.19245831E+02   0.55724174E+08  -0.55728445E+08   0.55728763E+08
  -0.19222782E+02   0.54454385E+08  -0.54458648E+08   0.54458971E+08
  -0.19199734E+02   0.53213528E+08  -0.53217784E+08   0.53218110E+08
  -0.19176685E+02   0.52000945E+08  -0.52005193E+08   0.52005524E+08
  -0.19153636E+02   0.50815991E+08  -0.50820232E+08   0.50820566E+08
  -0.19130587E+02   0.49658037E+08  -0.49662270E+08   0.49662607E+08
  -0.19107538E+02   0.48526467E+08  -0.48530692E+08   0.48531033E+08
  -0.19084489E+02   0.47420680E+08  -0.47424898E+08   0.47425242E+08
  -0.19061440E+02   0.46340090E+08  -0.46344299E+08   0.46344647E+08
  -0.19038391E+02   0.45284121E+08  -0.45288322E+08   0.45288672E+08
  -0.19015342E+02   0.44252213E+08  -0.44256406E+08   0.44256759E+08
  -0.18992293E+02   0.43243817E+08  -0.43248003E+08   0.43248358E+08
  -0.18969245E+02   0.42258399E+08  -0.42262576E+08   0.42262933E+08
  -0.18946196E+02   0.41295433E+08  -0.41299602E+08   0.41299961E+08
  -0.18923147E+02   0.40354409E+08  -0.40358570E+08   0.40358931E+08
  -0.18900098E+02   0.39434827E+08  -0.39438979E+08   0.39439343E+08
  -0.18877049E+02   0.38536198E+08  -0.38540342E+08   0.38540708E+08
  -0.18854000E+02   0.37658045E+08  -0.37662180E+08   0.37662548E+08
  -0.18830951E+02   0.36799901E+08  -0.36804027E+08   0.36804396E+08
  -0.18807902E+02   0.35961310E+08  -0.35965428E+08   0.35965799E+08
  -0.18784853E+02   0.35141827E+08  -0.35145936E+08   0.35146309E+08
  -0.18761804E+02   0.34341016E+08  -0.34345117E+08   0.34345490E+08
  -0.18738756E+02   0.33558452E+08  -0.33562545E+08   0.33562920E+08
  -0.18715707E+02   0.32793720E+08  -0.32797803E+08   0.32798180E+08
  -0.18692658E+02   0.32046412E+08  -0.32050487E+08   0.32050864E+08
  -0.18669609E+02   0.31316132E+08  -0.31320198E+08   0.31320577E+08
  -0.18646560E+02   0.30602492E+08  -0.30606549E+08   0.30606929E+08
  -0.18623511E+02   0.29905112E+08  -0.29909161E+08   0.29909542E+08
  -0.18600462E+02   0.29223623E+08  -0.29227663E+08   0.29228045E+08
  -0.18577413E+02   0.28557662E+08  -0.28561693E+08   0.28562075E+08
  -0.18554364E+02   0.27906875E+08  -0.27910898E+08   0.27911281E+08
  -0.18531315E+02   0.27270917E+08  -0.27274931E+08   0.27275315E+08
  -0.18508267E+02   0.26649450E+08  -0.26653455E+08   0.26653839E+08
  -0.18485218E+02   0.26042143E+08  -0.26046139E+08   0.26046524E+08
  -0.18462169E+02   0.25448674E+08  -0.25452661E+08   0.25453047E+08
  -0.18439120E+02   0.24868727E+08  -0.24872705E+08   0.24873092E+08
  -0.18416071E+02   0.24301995E+08  -0.24305964E+08   0.24306352E+08
  -0.18393022E+02   0.23748177E+08  -0.23752137E+08   0.23752525E+08
  -0.18369973E+02   0.23206977E+08  -0.23210928E+08   0.23211317E+08
  -0.18346924E+02   0.22678109E+08  -0.22682051E+08   0.22682440E+08
  -0.18323875E+02   0.22161292E+08  -0.22165225E+08   0.22165615E+08
  -0.18300826E+02   0.21656251E+08  -0.21660175E+08   0.21660565E+08
  -0.18277778E+02   0.21162717E+08  -0.21166632E+08   0.21167023E+08
  -0.18254729E+02   0.20680429E+08  -0.20684335E+08   0.20684726E+08
  -0.18231680E+02   0.20209130E+08  -0.20213028E+08   0.20213419E+08
  -0.18208631E+02   0.19748570E+08  -0.19752459E+08   0.19752850E+08
  -0.18185582E+02   0.19298505E+08  -0.19302384E+08   0.19302776E+08
  -0.18162533E+02   0.18858694E+08  -0.18862565E+08   0.18862957E+08
  -0.18139484E+02   0.18428905E+08  -0.18432766E+08   0.18433158E+08
  -0.18116435E+02   0.18008909E+08  -0.18012761E+08   0.18013154E+08
  -0.18093386E+02   0.17598483E+08  -0.17602326E+08   0.17602719E+08
  -0.18070337E+02   0.17197409E+08  -0.17201243E+08   0.17201635E+08
  -0.18047289E+02   0.16805473E+08  -0.16809298E+08   0.16809692E+08
  -0.18024240E+02   0.16422468E+08  -0.16426284E+08   0.16426678E+08
  -0.18001191E+02   0.16048191E+08  -0.16051998E+08   0.16052391E+08
  -0.17978142E+02   0.15682441E+08  -0.15686239E+08   0.15686633E+08
  -0.17955093E+02   0.15325025E+08  -0.15328814E+08   0.15329208E+08
  -0.17932044E+02   0.14975754E+08  -0.14979534E+08   0.14979928E+08
  -0.17908995E+02   0.14634441E+08  -0.14638211E+08   0.14638606E+08
  -0.17885946E+02   0.14300905E+08  -0.14304666E+08   0.14305061E+08
  -0.17862897E+02   0.13974969E+08  -0.13978721E+08   0.13979116E+08
  -0.17839848E+02   0.13656459E+08  -0.13660203E+08   0.13660598E+08
  -0.17816800E+02   0.13345208E+08  -0.13348942E+08   0.13349336E+08
  -0.17793751E+02   0.13041048E+08  -0.13044773E+08   0.13045169E+08
  -0.17770702E+02   0.12743819E+08  -0.12747535E+08   0.12747931E+08
  -0.17747653E+02   0.12453363E+08  -0.12457070E+08   0.12457465E+08
  -0.17724604E+02   0.12169525E+08  -0.12173223E+08   0.12173618E+08
  -0.17701555E+02   0.11892154E+08  -0.11895843E+08   0.11896239E+08
  -0.17678506E+02   0.11621104E+08  -0.11624784E+08   0.11625180E+08
  -0.17655457E+02   0.11356230E+08  -0.11359900E+08   0.11360296E+08
  -0.17632408E+02   0.11097391E+08  -0.11101053E+08   0.11101448E+08
  -0.17609359E+02   0.10844450E+08  -0.10848103E+08   0.10848499E+08
  -0.17586311E+02   0.10597273E+08  -0.10600916E+08   0.10601312E+08
  -0.17563262E+02   0.10355728E+08  -0.10359362E+08   0.10359758E+08
  -0.17540213E+02   0.10119687E+08  -0.10123312E+08   0.10123708E+08
  -0.17517164E+02   0.98890245E+07  -0.98926403E+07   0.98930367E+07
  -0.17494115E+02   0.96636178E+07  -0.96672245E+07   0.96676207E+07
  -0.17471066E+02   0.94433473E+07  -0.94469448E+07   0.94473409E+07
  -0.17448017E+02   0.92280959E+07  -0.92316843E+07   0.92320810E+07
  -0.17424968E+02   0.90177493E+07  -0.90213285E+07   0.90217247E+07
  -0.17401919E+02   0.88121957E+07  -0.88157658E+07   0.88161620E+07
  -0.17378870E+02   0.86113259E+07  -0.86148869E+07   0.86152835E+07
  -0.17355822E+02   0.84150332E+07  -0.84185850E+07   0.84189815E+07
  -0.17332773E+02   0.82232133E+07  -0.82267560E+07   0.82271525E+07
  -0.17309724E+02   0.80357643E+07  -0.80392978E+07   0.80396944E+07
  -0.17286675E+02   0.78525865E+07  -0.78561109E+07   0.78565075E+07
  -0.17263626E+02   0.76735828E+07  -0.76770980E+07   0.76774947E+07
  -0.17240577E+02   0.74986579E+07  -0.75021640E+07   0.75025604E+07
  -0.17217528E+02   0.73277189E+07  -0.73312159E+07   0.73316129E+07
  -0.17194479E+02   0.71606750E+07  -0.71641629E+07   0.71645599E+07
  -0.17171430E+02   0.69974375E+07  -0.70009162E+07   0.70013126E+07
  -0.17148381E+02   0.68379196E+07  -0.68413892E+07   0.68417860E+07
  -0.17125333E+02   0.66820366E+07  -0.66854970E+07   0.66858935E+07
  -0.17102284E+02   0.65297056E+07  -0.65331569E+07   0.65335539E+07
  -0.17079235E+02   0.63808458E+07  -0.63842879E+07   0.63846850E+07
  -0.17056186E+02   0.62353779E+07  -0.62388109E+07   0.62392072E+07
  -0.17033137E+02   0.60932249E+07  -0.60966487E+07   0.60970459E+07
  -0.17010088E+02   0.59543110E+07  -0.59577257E+07   0.59581226E+07
  -0.16987039E+02   0.58185625E+07  -0.58219680E+07   0.58223649E+07
  -0.16963990E+02   0.56859073E+07  -0.56893037E+07   0.56897010E+07
  -0.16940941E+02   0.55562749E+07  -0.55596621E+07   0.55600582E+07
  -0.16917892E+02   0.54295964E+07  -0.54329745E+07   0.54333712E+07
  -0.16894844E+02   0.53058045E+07  -0.53091735E+07   0.53095709E+07
  -0.16871795E+02   0.51848335E+07  -0.51881933E+07   0.51885904E+07
  -0.16848746E+02   0.50666191E+07  -0.50699697E+07   0.50703668E+07
  -0.16825697E+02   0.49510984E+07  -0.49544399E+07   0.49548373E+07
  -0.16802648E+02   0.48382101E+07  -0.48415424E+07   0.48419390E+07
  -0.16779599E+02   0.47278942E+07  -0.47312174E+07   0.47316140E+07
  -0.16756550E+02   0.46200920E+07  -0.46234061E+07   0.46238034E+07
  -0.16733501E+02   0.45147464E+07  -0.45180513E+07   0.45184487E+07
  -0.16710452E+02   0.44118014E+07  -0.44150971E+07   0.44154938E+07
  -0.16687403E+02   0.43112022E+07  -0.43144888E+07   0.43148854E+07
  -0.16664355E+02   0.42128953E+07  -0.42161728E+07   0.42165702E+07
  -0.16641306E+02   0.41168287E+07  -0.41200970E+07   0.41204941E+07
  -0.16618257E+02   0.40229511E+07  -0.40262103E+07   0.40266073E+07
  -0.16595208E+02   0.39312128E+07  -0.39344628E+07   0.39348603E+07
  -0.16572159E+02   0.38415650E+07  -0.38448058E+07   0.38452022E+07
  -0.16549110E+02   0.37539600E+07  -0.37571917E+07   0.37575891E+07
  -0.16526061E+02   0.36683514E+07  -0.36715739E+07   0.36719713E+07
  -0.16503012E+02   0.35846935E+07  -0.35879070E+07   0.35883034E+07
  -0.16479963E+02   0.35029421E+07  -0.35061464E+07   0.35065438E+07
  -0.16456914E+02   0.34230536E+07  -0.34262487E+07   0.34266457E+07
  -0.16433866E+02   0.33449856E+07  -0.33481715E+07   0.33485687E+07
  -0.16410817E+02   0.32686966E+07  -0.32718734E+07   0.32722706E+07
  -0.16387768E+02   0.31941461E+07  -0.31973137E+07   0.31977106E+07
  -0.16364719E+02   0.31212944E+07  -0.31244529E+07   0.31248506E+07
  -0.16341670E+02   0.30501029E+07  -0.30532523E+07   0.30536481E+07
  -0.16318621E+02   0.29805337E+07  -0.29836740E+07   0.29840716E+07
  -0.16295572E+02   0.29125499E+07  -0.29156810E+07   0.29160779E+07
  -0.16272523E+02   0.28461153E+07  -0.28492373E+07   0.28496344E+07
  -0.16249474E+02   0.27811947E+07  -0.27843075E+07   0.27847046E+07
  -0.16226425E+02   0.27177535E+07  -0.27208572E+07   0.27212542E+07
  -0.16203377E+02   0.26557581E+07  -0.26588525E+07   0.26592498E+07
  -0.16180328E+02   0.25951754E+07  -0.25982607E+07   0.25986572E+07
  -0.16157279E+02   0.25359734E+07  -0.25390495E+07   0.25394480E+07
  -0.16134230E+02   0.24781205E+07  -0.24811875E+07   0.24815835E+07
  -0.16111181E+02   0.24215860E+07  -0.24246438E+07   0.24250405E+07
  -0.16088132E+02   0.23663398E+07  -0.23693885E+07   0.23697858E+07
  -0.16065083E+02   0.23123527E+07  -0.23153923E+07   0.23157893E+07
  -0.16042034E+02   0.22595959E+07  -0.22626263E+07   0.22630231E+07
  -0.16018985E+02   0.22080414E+07  -0.22110626E+07   0.22114603E+07
  -0.15995936E+02   0.21576617E+07  -0.21606738E+07   0.21610712E+07
  -0.15972888E+02   0.21084302E+07  -0.21114332E+07   0.21118304E+07
  -0.15949839E+02   0.20603207E+07  -0.20633145E+07   0.20637106E+07
  -0.15926790E+02   0.20133075E+07  -0.20162922E+07   0.20166882E+07
  -0.15903741E+02   0.19673658E+07  -0.19703414E+07   0.19707388E+07
  -0.15880692E+02   0.19224711E+07  -0.19254375E+07   0.19258343E+07
  -0.15857643E+02   0.18785995E+07  -0.18815568E+07   0.18819538E+07
  -0.15834594E+02   0.18357278E+07  -0.18386759E+07   0.18390729E+07
  -0.15811545E+02   0.17938331E+07  -0.17967721E+07   0.17971691E+07
  -0.15788496E+02   0.17528932E+07  -0.17558230E+07   0.17562200E+07
  -0.15765447E+02   0.17128864E+07  -0.17158070E+07   0.17162040E+07
  -0.15742399E+02   0.16737913E+07  -0.16767028E+07   0.16770998E+07
  -0.15719350E+02   0.16355872E+07  -0.16384896E+07   0.16388865E+07
  -0.15696301E+02   0.15982538E+07  -0.16011470E+07   0.16015440E+07
  -0.15673252E+02   0.15617713E+07  -0.15646554E+07   0.15650523E+07
  -0.15650203E+02   0.15261203E+07  -0.15289952E+07   0.15293922E+07
  -0.15627154E+02   0.14912818E+07  -0.14941475E+07   0.14945442E+07
  -0.15604105E+02   0.14572373E+07  -0.14600939E+07   0.14604914E+07
  -0.15581056E+02   0.14239687E+07  -0.14268161E+07   0.14272141E+07
  -0.15558007E+02   0.13914583E+07  -0.13942967E+07   0.13946926E+07
  -0.15534958E+02   0.13596890E+07  -0.13625182E+07   0.13629145E+07
  -0.15511910E+02   0.13286437E+07  -0.13314637E+07   0.13318609E+07
  -0.15488861E+02   0.12983060E+07  -0.13011169E+07   0.13015137E+07
  -0.15465812E+02   0.12686598E+07  -0.12714615E+07   0.12718584E+07
  -0.15442763E+02   0.12396892E+07  -0.12424818E+07   0.12428787E+07
  -0.15419714E+02   0.12113790E+07  -0.12141625E+07   0.12145593E+07
  -0.15396665E+02   0.11837140E+07  -0.11864884E+07   0.11868851E+07
  -0.15373616E+02   0.11566797E+07  -0.11594448E+07   0.11598419E+07
  -0.15350567E+02   0.11302615E+07  -0.11330175E+07   0.11334136E+07
  -0.15327518E+02   0.11044454E+07  -0.11071923E+07   0.11075907E+07
  -0.15304469E+02   0.10792178E+07  -0.10819555E+07   0.10823523E+07
  -0.15281421E+02   0.10545652E+07  -0.10572938E+07   0.10576891E+07
  -0.15258372E+02   0.10304746E+07  -0.10331940E+07   0.10335914E+07
  -0.15235323E+02   0.10069330E+07  -0.10096433E+07   0.10100399E+07
  -0.15212274E+02   0.98392811E+06  -0.98662927E+06   0.98702611E+06
  -0.15189225E+02   0.96144757E+06  -0.96413959E+06   0.96453631E+06
  -0.15166176E+02   0.93947946E+06  -0.94216234E+06   0.94255908E+06
  -0.15143127E+02   0.91801211E+06  -0.92068584E+06   0.92108257E+06
  -0.15120078E+02   0.89703411E+06  -0.89969870E+06   0.90009541E+06
  -0.15097029E+02   0.87653431E+06  -0.87918975E+06   0.87958645E+06
  -0.15073980E+02   0.85650181E+06  -0.85914811E+06   0.85954480E+06
  -0.15050932E+02   0.83692596E+06  -0.83956312E+06   0.83995980E+06
  -0.15027883E+02   0.81779637E+06  -0.82042439E+06   0.82082105E+06
  -0.15004834E+02   0.79910285E+06  -0.80172173E+06   0.80211838E+06
  -0.14981785E+02   0.78083549E+06  -0.78344522E+06   0.78384186E+06
  -0.14958736E+02   0.76298455E+06  -0.76558515E+06   0.76598177E+06
  -0.14935687E+02   0.74554057E+06  -0.74813203E+06   0.74852863E+06
  -0.14912638E+02   0.72849426E+06  -0.73107658E+06   0.73147317E+06
  -0.14889589E+02   0.71183656E+06  -0.71440974E+06   0.71480631E+06
  -0.14866540E+02   0.69555862E+06  -0.69812266E+06   0.69851922E+06
  -0.14843491E+02   0.67965179E+06  -0.68220669E+06   0.68260323E+06
  -0.14820443E+02   0.66410761E+06  -0.66665337E+06   0.66704990E+06
  -0.14797394E+02   0.64891781E+06  -0.65145444E+06   0.65185095E+06
  -0.14774345E+02   0.63407433E+06  -0.63660182E+06   0.63699831E+06
  -0.14751296E+02   0.61956927E+06  -0.62208762E+06   0.62248410E+06
  -0.14728247E+02   0.60539492E+06  -0.60790414E+06   0.60830059E+06
  -0.14705198E+02   0.59154375E+06  -0.59404382E+06   0.59444026E+06
  -0.14682149E+02   0.57800838E+06  -0.58049932E+06   0.58089574E+06
  -0.14659100E+02   0.56478163E+06  -0.56726344E+06   0.56765984E+06
  -0.14636051E+02   0.55185647E+06  -0.55432914E+06   0.55472552E+06
  -0.14613002E+02   0.53922602E+06  -0.54168955E+06   0.54208591E+06
  -0.14589954E+02   0.52688356E+06  -0.52933796E+06   0.52973430E+06
  -0.14566905E+02   0.51482254E+06  -0.51726781E+06   0.51766412E+06
  -0.14543856E+02   0.50303654E+06  -0.50547268E+06   0.50586897E+06
  -0.14520807E+02   0.49151929E+06  -0.49394630E+06   0.49434257E+06
  -0.14497758E+02   0.48026468E+06  -0.48268256E+06   0.48307881E+06
  -0.14474709E+02   0.46926672E+06  -0.47167546E+06   0.47207169E+06
  -0.14451660E+02   0.45851956E+06  -0.46091916E+06   0.46131537E+06
  -0.14428611E+02   0.44801748E+06  -0.45040796E+06   0.45080413E+06
  -0.14405562E+02   0.43775490E+06  -0.44013625E+06   0.44053241E+06
  -0.14382513E+02   0.42772637E+06  -0.43009859E+06   0.43049470E+06
  -0.14359465E+02   0.41792654E+06  -0.42028963E+06   0.42068580E+06
  -0.14336416E+02   0.40835022E+06  -0.41070419E+06   0.41110009E+06
  -0.14313367E+02   0.39899231E+06  -0.40133714E+06   0.40173369E+06
  -0.14290318E+02   0.38984782E+06  -0.39218354E+06   0.39257823E+06
  -0.14267269E+02   0.38091191E+06  -0.38323847E+06   0.38363758E+06
  -0.14244220E+02   0.37217981E+06  -0.37449724E+06   0.37489111E+06
  -0.14221171E+02   0.36364688E+06  -0.36595523E+06   0.36634906E+06
  -0.14198122E+02   0.35530858E+06  -0.35760780E+06   0.35800664E+06
  -0.14175073E+02   0.34716048E+06  -0.34945056E+06   0.34984524E+06
  -0.14152024E+02   0.33919825E+06  -0.34147921E+06   0.34187548E+06
  -0.14128976E+02   0.33141765E+06  -0.33368948E+06   0.33408515E+06
  -0.14105927E+02   0.32381454E+06  -0.32607725E+06   0.32647307E+06
  -0.14082878E+02   0.31638487E+06  -0.31863847E+06   0.31903420E+06
  -0.14059829E+02   0.30912470E+06  -0.31136918E+06   0.31176489E+06
  -0.14036780E+02   0.30203016E+06  -0.30426552E+06   0.30466120E+06
  -0.14013731E+02   0.29509749E+06  -0.29732373E+06   0.29771934E+06
  -0.13990682E+02   0.28832298E+06  -0.29054010E+06   0.29093576E+06
  -0.13967633E+02   0.28170304E+06  -0.28391105E+06   0.28430643E+06
  -0.13944584E+02   0.27523414E+06  -0.27743303E+06   0.27782907E+06
  -0.13921535E+02   0.26891285E+06  -0.27110263E+06   0.27149677E+06
  -0.13898487E+02   0.26273580E+06  -0.26491645E+06   0.26531488E+06
  -0.13875438E+02   0.25669971E+06  -0.25887121E+06   0.25926663E+06
  -0.13852389E+02   0.25080135E+06  -0.25296377E+06   0.25335624E+06
  -0.13829340E+02   0.24503760E+06  -0.24719093E+06   0.24758748E+06
  -0.13806291E+02   0.23940538E+06  -0.24154959E+06   0.24194441E+06
  -0.13783242E+02   0.23390171E+06  -0.23603681E+06   0.23643219E+06
  -0.13760193E+02   0.22852364E+06  -0.23064964E+06   0.23104477E+06
  -0.13737144E+02   0.22326832E+06  -0.22538521E+06   0.22578036E+06
  -0.13714095E+02   0.21813296E+06  -0.22024074E+06   0.22063582E+06
  -0.13691046E+02   0.21311481E+06  -0.21521349E+06   0.21560852E+06
  -0.13667998E+02   0.20821121E+06  -0.21030078E+06   0.21069576E+06
  -0.13644949E+02   0.20341954E+06  -0.20550002E+06   0.20589495E+06
  -0.13621900E+02   0.19873727E+06  -0.20080864E+06   0.20120352E+06
  -0.13598851E+02   0.19416189E+06  -0.19622416E+06   0.19661898E+06
  -0.13575802E+02   0.18969096E+06  -0.19174414E+06   0.19213890E+06
  -0.13552753E+02   0.18532212E+06  -0.18736620E+06   0.18776090E+06
  -0.13529704E+02   0.18105303E+06  -0.18308801E+06   0.18348266E+06
  -0.13506655E+02   0.17688142E+06  -0.17890730E+06   0.17930189E+06
  -0.13483606E+02   0.17280506E+06  -0.17482186E+06   0.17521638E+06
  -0.13460558E+02   0.16882180E+06  -0.17082950E+06   0.17122396E+06
  -0.13437509E+02   0.16492950E+06  -0.16692811E+06   0.16732251E+06
  -0.13414460E+02   0.16112610E+06  -0.16311562E+06   0.16350995E+06
  -0.13391411E+02   0.15740956E+06  -0.15939000E+06   0.15978427E+06
  -0.13368362E+02   0.15377792E+06  -0.15574927E+06   0.15614347E+06
  -0.13345313E+02   0.15022923E+06  -0.15219149E+06   0.15258562E+06
  -0.13322264E+02   0.14676160E+06  -0.14871478E+06   0.14910884E+06
  -0.13299215E+02   0.14337319E+06  -0.14531729E+06   0.14571128E+06
  -0.13276166E+02   0.14006220E+06  -0.14199722E+06   0.14239113E+06
  -0.13253117E+02   0.13682685E+06  -0.13875280E+06   0.13914663E+06
  -0.13230069E+02   0.13366543E+06  -0.13558230E+06   0.13597606E+06
  -0.13207020E+02   0.13057625E+06  -0.13248405E+06   0.13287772E+06
  -0.13183971E+02   0.12755767E+06  -0.12945639E+06   0.12984998E+06
  -0.13160922E+02   0.12460807E+06  -0.12649772E+06   0.12689123E+06
  -0.13137873E+02   0.12172588E+06  -0.12360647E+06   0.12399989E+06
  -0.13114824E+02   0.11890957E+06  -0.12078109E+06   0.12117443E+06
  -0.13091775E+02   0.11615764E+06  -0.11802010E+06   0.11841334E+06
  -0.13068726E+02   0.11346862E+06  -0.11532202E+06   0.11571517E+06
  -0.13045677E+02   0.11084108E+06  -0.11268541E+06   0.11307846E+06
  -0.13022628E+02   0.10827361E+06  -0.11010889E+06   0.11050188E+06
  -0.12999580E+02   0.10576485E+06  -0.10759107E+06   0.10798385E+06
  -0.12976531E+02   0.10331346E+06  -0.10513063E+06   0.10552366E+06
  -0.12953482E+02   0.10091813E+06  -0.10272625E+06   0.10311816E+06
  -0.12930433E+02   0.98577585E+05  -0.10037664E+06   0.10077119E+06
  -0.12907384E+02   0.96290576E+05  -0.98080618E+05   0.98468636E+05
  -0.12884335E+02   0.94055882E+05  -0.95836932E+05   0.96229230E+05
  -0.12861286E+02   0.91872313E+05  -0.93644271E+05   0.94040776E+05
  -0.12838237E+02   0.89738704E+05  -0.91501597E+05   0.91891879E+05
  -0.12815188E+02   0.87653915E+05  -0.89407786E+05   0.89800441E+05
  -0.12792139E+02   0.85616835E+05  -0.87361668E+05   0.87753317E+05
  -0.12769091E+02   0.83626376E+05  -0.85362181E+05   0.85754000E+05
  -0.12746042E+02   0.81681476E+05  -0.83408253E+05   0.83799854E+05
  -0.12722993E+02   0.79781097E+05  -0.81498850E+05   0.81890350E+05
  -0.12699944E+02   0.77924224E+05  -0.79632956E+05   0.80024316E+05
  -0.12676895E+02   0.76109866E+05  -0.77809580E+05   0.78200807E+05
  -0.12653846E+02   0.74337055E+05  -0.76027753E+05   0.76418842E+05
  -0.12630797E+02   0.72604842E+05  -0.74286529E+05   0.74677477E+05
  -0.12607748E+02   0.70912304E+05  -0.72584982E+05   0.72975786E+05
  -0.12584699E+02   0.69258536E+05  -0.70922209E+05   0.71312866E+05
  -0.12561650E+02   0.67642655E+05  -0.69297326E+05   0.69687832E+05
  -0.12538602E+02   0.66063798E+05  -0.67709470E+05   0.68099822E+05
  -0.12515553E+02   0.64521120E+05  -0.66157798E+05   0.66547992E+05
  -0.12492504E+02   0.63013797E+05  -0.64641484E+05   0.65031517E+05
  -0.12469455E+02   0.61541024E+05  -0.63159724E+05   0.63549592E+05
  -0.12446406E+02   0.60102013E+05  -0.61711729E+05   0.62101429E+05
  -0.12423357E+02   0.58695996E+05  -0.60296732E+05   0.60686260E+05
  -0.12400308E+02   0.57322219E+05  -0.58913980E+05   0.59303331E+05
  -0.12377259E+02   0.55979949E+05  -0.57562738E+05   0.57951909E+05
  -0.12354210E+02   0.54668467E+05  -0.56242289E+05   0.56631276E+05
  -0.12331161E+02   0.53387072E+05  -0.54951931E+05   0.55340730E+05
  -0.12308113E+02   0.52135078E+05  -0.53690979E+05   0.54079585E+05
  -0.12285064E+02   0.50911815E+05  -0.52458762E+05   0.52847171E+05
  -0.12262015E+02   0.49716629E+05  -0.51254626E+05   0.51642834E+05
  -0.12238966E+02   0.48548879E+05  -0.50077931E+05   0.50465933E+05
  -0.12215917E+02   0.47407940E+05  -0.48928053E+05   0.49315844E+05
  -0.12192868E+02   0.46293202E+05  -0.47804379E+05   0.48191956E+05
  -0.12169819E+02   0.45204067E+05  -0.46706314E+05   0.47093671E+05
  -0.12146770E+02   0.44139951E+05  -0.45633274E+05   0.46020405E+05
  -0.12123721E+02   0.43100285E+05  -0.44584688E+05   0.44971590E+05
  -0.12100672E+02   0.42084512E+05  -0.43560000E+05   0.43946667E+05
  -0.12077624E+02   0.41092086E+05  -0.42558665E+05   0.42945092E+05
  -0.12054575E+02   0.40122476E+05  -0.41580151E+05   0.41966333E+05
  -0.12031526E+02   0.39175161E+05  -0.40623939E+05   0.41009870E+05
  -0.12008477E+02   0.38249634E+05  -0.39689520E+05   0.40075194E+05
  -0.11985428E+02   0.37345398E+05  -0.38776398E+05   0.39161810E+05
  -0.11962379E+02   0.36461967E+05  -0.37884088E+05   0.38269231E+05
  -0.11939330E+02   0.35598868E+05  -0.37012116E+05   0.37396989E+05
  -0.11916281E+02   0.34755638E+05  -0.36160018E+05   0.36544596E+05
  -0.11893232E+02   0.33931822E+05  -0.35327342E+05   0.35711682E+05
  -0.11870183E+02   0.33126979E+05  -0.34513646E+05   0.34897542E+05
  -0.11847135E+02   0.32340676E+05  -0.33718493E+05   0.34102548E+05
  -0.11824086E+02   0.31572491E+05  -0.32941476E+05   0.33323907E+05
  -0.11801037E+02   0.30822011E+05  -0.32182143E+05   0.32567799E+05
  -0.11777988E+02   0.30088832E+05  -0.31440176E+05   0.31817240E+05
  -0.11754939E+02   0.29372558E+05  -0.30715148E+05   0.31097649E+05
  -0.11731890E+02   0.28672805E+05  -0.30006524E+05   0.30393822E+05
  -0.11708841E+02   0.27989199E+05  -0.29314073E+05   0.29694373E+05
  -0.11685792E+02   0.27321369E+05  -0.28637481E+05   0.29017490E+05
  -0.11662743E+02   0.26668956E+05  -0.27976242E+05   0.28362084E+05
  -0.11639694E+02   0.26031610E+05  -0.27330061E+05   0.27710908E+05
  -0.11616646E+02   0.25408986E+05  -0.26698723E+05   0.27074154E+05
  -0.11593597E+02   0.24800747E+05  -0.26081754E+05   0.26463806E+05
  -0.11570548E+02   0.24206567E+05  -0.25478806E+05   0.25857621E+05
  -0.11547499E+02   0.23626125E+05  -0.24889625E+05   0.25269057E+05
  -0.11524450E+02   0.23059107E+05  -0.24313871E+05   0.24692565E+05
  -0.11501401E+02   0.22505208E+05  -0.23751247E+05   0.24129634E+05
  -0.11478352E+02   0.21964128E+05  -0.23201452E+05   0.23579385E+05
  -0.11455303E+02   0.21435576E+05  -0.22664194E+05   0.23041706E+05
  -0.11432254E+02   0.20919265E+05  -0.22139187E+05   0.22516257E+05
  -0.11409205E+02   0.20414916E+05  -0.21626153E+05   0.22002775E+05
  -0.11386157E+02   0.19922257E+05  -0.21124819E+05   0.21500982E+05
  -0.11363108E+02   0.19441020E+05  -0.20634918E+05   0.21010613E+05
  -0.11340059E+02   0.18970947E+05  -0.20156191E+05   0.20531408E+05
  -0.11317010E+02   0.18511780E+05  -0.19688382E+05   0.20063111E+05
  -0.11293961E+02   0.18063273E+05  -0.19231244E+05   0.19605475E+05
  -0.11270912E+02   0.17625182E+05  -0.18784534E+05   0.19158255E+05
  -0.11247863E+02   0.17197269E+05  -0.18348013E+05   0.18721215E+05
  -0.11224814E+02   0.16779303E+05  -0.17921451E+05   0.18294123E+05
  -0.11201765E+02   0.16371055E+05  -0.17504621E+05   0.17876751E+05
  -0.11178716E+02   0.15972305E+05  -0.17097300E+05   0.17468877E+05
  -0.11155668E+02   0.15582836E+05  -0.16699273E+05   0.17070286E+05
  -0.11132619E+02   0.15202436E+05  -0.16310329E+05   0.16680766E+05
  -0.11109570E+02   0.14830897E+05  -0.15930259E+05   0.16300107E+05
  -0.11086521E+02   0.14468019E+05  -0.15558864E+05   0.15928116E+05
  -0.11063472E+02   0.14113603E+05  -0.15195944E+05   0.15564571E+05
  -0.11040423E+02   0.13767456E+05  -0.14841308E+05   0.15209351E+05
  -0.11017374E+02   0.13429389E+05  -0.14494767E+05   0.14862046E+05
  -0.10994325E+02   0.13099218E+05  -0.14156134E+05   0.14523145E+05
  -0.10971276E+02   0.12776763E+05  -0.13825241E+05   0.14190485E+05
  -0.10948227E+02   0.12461847E+05  -0.13501880E+05   0.13869404E+05
  -0.10925179E+02   0.12154299E+05  -0.13185950E+05   0.13545880E+05
  -0.10902130E+02   0.11853948E+05  -0.12877256E+05   0.13241201E+05
  -0.10879081E+02   0.11560632E+05  -0.12575506E+05   0.12943376E+05
  -0.10856032E+02   0.11274192E+05  -0.12280672E+05   0.12641248E+05
  -0.10832983E+02   0.10994468E+05  -0.11992615E+05   0.12355116E+05
  -0.10809934E+02   0.10721308E+05  -0.11711120E+05   0.12071910E+05
  -0.10786885E+02   0.10454562E+05  -0.11436064E+05   0.11796390E+05
  -0.10763836E+02   0.10194083E+05  -0.11167290E+05   0.11526725E+05
  -0.10740787E+02   0.99397274E+04  -0.10904659E+05   0.11263316E+05
  -0.10717738E+02   0.96913559E+04  -0.10648031E+05   0.11005856E+05
  -0.10694690E+02   0.94488315E+04  -0.10397269E+05   0.10754257E+05
  -0.10671641E+02   0.92120206E+04  -0.10152240E+05   0.10508371E+05
  -0.10648592E+02   0.89807925E+04  -0.99128141E+04   0.10268073E+05
  -0.10625543E+02   0.87550196E+04  -0.96788634E+04   0.10033234E+05
  -0.10602494E+02   0.85345771E+04  -0.94502637E+04   0.98037286E+04
  -0.10579445E+02   0.83193431E+04  -0.92268936E+04   0.95794358E+04
  -0.10556396E+02   0.81091984E+04  -0.90086343E+04   0.93602363E+04
  -0.10533347E+02   0.79040265E+04  -0.87953697E+04   0.91460140E+04
  -0.10510298E+02   0.77037137E+04  -0.85869864E+04   0.89366552E+04
  -0.10487249E+02   0.75081487E+04  -0.83833737E+04   0.87320488E+04
  -0.10464201E+02   0.73172228E+04  -0.81844231E+04   0.85320864E+04
  -0.10441152E+02   0.71308298E+04  -0.79900290E+04   0.83366618E+04
  -0.10418103E+02   0.69488658E+04  -0.78000879E+04   0.81456715E+04
  -0.10395054E+02   0.67712294E+04  -0.76144988E+04   0.79590142E+04
  -0.10372005E+02   0.65978215E+04  -0.74331630E+04   0.77765909E+04
  -0.10348956E+02   0.64285450E+04  -0.72559839E+04   0.75983050E+04
  -0.10325907E+02   0.62633054E+04  -0.70828674E+04   0.74240620E+04
  -0.10302858E+02   0.61020099E+04  -0.69137212E+04   0.72537695E+04
  -0.10279809E+02   0.59445682E+04  -0.67484555E+04   0.70873372E+04
  -0.10256760E+02   0.57908919E+04  -0.65869822E+04   0.69246772E+04
  -0.10233712E+02   0.56408944E+04  -0.64292154E+04   0.67657031E+04
  -0.10210663E+02   0.54944913E+04  -0.62750711E+04   0.66103307E+04
  -0.10187614E+02   0.53516002E+04  -0.61244673E+04   0.64584780E+04
  -0.10164565E+02   0.52121403E+04  -0.59773237E+04   0.63100643E+04
  -0.10141516E+02   0.50760328E+04  -0.58335620E+04   0.61650113E+04
  -0.10118467E+02   0.49432005E+04  -0.56931056E+04   0.60232421E+04
  -0.10095418E+02   0.48135683E+04  -0.55558797E+04   0.58846818E+04
  -0.10072369E+02   0.46870624E+04  -0.54218112E+04   0.57492570E+04
  -0.10049320E+02   0.45636110E+04  -0.52908287E+04   0.56168961E+04
  -0.10026271E+02   0.44431437E+04  -0.51628623E+04   0.54875293E+04
  -0.10003223E+02   0.43255918E+04  -0.50378438E+04   0.53610880E+04
  -0.99801736E+01   0.42108881E+04  -0.49157066E+04   0.52375058E+04
  -0.99571247E+01   0.40989669E+04  -0.47963855E+04   0.51167163E+04
  -0.99340758E+01   0.39897641E+04  -0.46798169E+04   0.49986592E+04
  -0.99110269E+01   0.38832170E+04  -0.45659386E+04   0.48832613E+04
  -0.98879780E+01   0.37792642E+04  -0.44546896E+04   0.47704957E+04
  -0.98649291E+01   0.36778458E+04  -0.43460112E+04   0.46601992E+04
  -0.98418802E+01   0.35789033E+04  -0.42398435E+04   0.45526186E+04
  -0.98188313E+01   0.34823795E+04  -0.41361346E+04   0.44468510E+04
  -0.97957824E+01   0.33882182E+04  -0.40348185E+04   0.43449620E+04
  -0.97727335E+01   0.32963652E+04  -0.39358447E+04   0.42436151E+04
  -0.97496846E+01   0.32067667E+04  -0.38391804E+04   0.41445657E+04
  -0.97266357E+01   0.31193703E+04  -0.37447533E+04   0.40494414E+04
  -0.97035868E+01   0.30341250E+04  -0.36525102E+04   0.39550690E+04
  -0.96805379E+01   0.29509811E+04  -0.35624114E+04   0.38633688E+04
  -0.96574890E+01   0.28698896E+04  -0.34744044E+04   0.37735453E+04
  -0.96344401E+01   0.27908030E+04  -0.33884437E+04   0.36858072E+04
  -0.96113912E+01   0.27136745E+04  -0.33044826E+04   0.36000258E+04
  -0.95883423E+01   0.26384586E+04  -0.32224762E+04   0.35161819E+04
  -0.95652934E+01   0.25651107E+04  -0.31423806E+04   0.34342236E+04
  -0.95422445E+01   0.24935874E+04  -0.30641527E+04   0.33541105E+04
  -0.95191956E+01   0.24238460E+04  -0.29877504E+04   0.32757999E+04
  -0.94961467E+01   0.23558450E+04  -0.29131327E+04   0.31992510E+04
  -0.94730978E+01   0.22895436E+04  -0.28402595E+04   0.31244237E+04
  -0.94500489E+01   0.22249022E+04  -0.27690915E+04   0.30512791E+04
  -0.94270000E+01   0.21618818E+04  -0.26995904E+04   0.29797789E+04
  -0.94039511E+01   0.21004445E+04  -0.26317187E+04   0.29098858E+04
  -0.93809022E+01   0.20405531E+04  -0.25654399E+04   0.28415634E+04
  -0.93578533E+01   0.19821714E+04  -0.25007180E+04   0.27747762E+04
  -0.93348044E+01   0.19252638E+04  -0.24375181E+04   0.27094893E+04
  -0.93117555E+01   0.18697957E+04  -0.23758061E+04   0.26456690E+04
  -0.92887066E+01   0.18157332E+04  -0.23155485E+04   0.25832819E+04
  -0.92656577E+01   0.17630431E+04  -0.22567126E+04   0.25222958E+04
  -0.92426088E+01   0.17116930E+04  -0.21992666E+04   0.24626791E+04
  -0.92195599E+01   0.16616513E+04  -0.21431792E+04   0.24044008E+04
  -0.91965110E+01   0.16128870E+04  -0.20884199E+04   0.23474309E+04
  -0.91734621E+01   0.15653698E+04  -0.20349589E+04   0.22917398E+04
  -0.91504132E+01   0.15190701E+04  -0.19827671E+04   0.22372988E+04
  -0.91273643E+01   0.14739590E+04  -0.19318160E+04   0.21840799E+04
  -0.91043154E+01   0.14300083E+04  -0.18820777E+04   0.21320557E+04
  -0.90812665E+01   0.13871903E+04  -0.18335250E+04   0.20811992E+04
  -0.90582176E+01   0.13454780E+04  -0.17861313E+04   0.20314845E+04
  -0.90351687E+01   0.13048449E+04  -0.17398705E+04   0.19828860E+04
  -0.90121198E+01   0.12652652E+04  -0.16947173E+04   0.19353786E+04
  -0.89890709E+01   0.12267138E+04  -0.16506468E+04   0.18889382E+04
  -0.89660220E+01   0.11891659E+04  -0.16076346E+04   0.18435409E+04
  -0.89429731E+01   0.11525975E+04  -0.15656569E+04   0.17991635E+04
  -0.89199242E+01   0.11169848E+04  -0.15246907E+04   0.17557833E+04
  -0.88968753E+01   0.10823050E+04  -0.14847130E+04   0.17133783E+04
  -0.88738264E+01   0.10485354E+04  -0.14457016E+04   0.16719267E+04
  -0.88507775E+01   0.10156541E+04  -0.14076350E+04   0.16314076E+04
  -0.88277286E+01   0.98363942E+03  -0.13704917E+04   0.15918002E+04
  -0.88046797E+01   0.95247046E+03  -0.13342510E+04   0.15530845E+04
  -0.87816308E+01   0.92212661E+03  -0.12988926E+04   0.15152409E+04
  -0.87585819E+01   0.89258775E+03  -0.12643967E+04   0.14782500E+04
  -0.87355330E+01   0.86383423E+03  -0.12307436E+04   0.14420933E+04
  -0.87124841E+01   0.83584684E+03  -0.11979146E+04   0.14067524E+04
  -0.86894352E+01   0.80860681E+03  -0.11658909E+04   0.13722095E+04
  -0.86663863E+01   0.78209579E+03  -0.11346544E+04   0.13384471E+04
  -0.86433374E+01   0.75629583E+03  -0.11041873E+04   0.13054481E+04
  -0.86202885E+01   0.73118941E+03  -0.10744721E+04   0.12731960E+04
  -0.85972396E+01   0.70675939E+03  -0.10454919E+04   0.12416744E+04
  -0.85741907E+01   0.68298901E+03  -0.10172300E+04   0.12108679E+04
  -0.85511418E+01   0.65986193E+03  -0.98967006E+03   0.11807607E+04
  -0.85280929E+01   0.63736213E+03  -0.96279622E+03   0.11513369E+04
  -0.85050440E+01   0.61547399E+03  -0.93659285E+03   0.11225825E+04
  -0.84819951E+01   0.59418223E+03  -0.91104469E+03   0.10944834E+04
  -0.84589462E+01   0.57347192E+03  -0.88613681E+03   0.10670250E+04
  -0.84358973E+01   0.55332846E+03  -0.86185461E+03   0.10401936E+04
  -0.84128484E+01   0.53373762E+03  -0.83818379E+03   0.10139755E+04
  -0.83897995E+01   0.51468544E+03  -0.81511037E+03   0.98835789E+03
  -0.83667506E+01   0.49615834E+03  -0.79262066E+03   0.96332795E+03
  -0.83437017E+01   0.47814299E+03  -0.77070126E+03   0.93887285E+03
  -0.83206528E+01   0.46062642E+03  -0.74933907E+03   0.91498047E+03
  -0.82976039E+01   0.44359593E+03  -0.72852127E+03   0.89163889E+03
  -0.82745550E+01   0.42703911E+03  -0.70823529E+03   0.86883632E+03
  -0.82515061E+01   0.41094385E+03  -0.68846884E+03   0.84656140E+03
  -0.82284572E+01   0.39529831E+03  -0.66920991E+03   0.82480299E+03
  -0.82054083E+01   0.38009094E+03  -0.65044672E+03   0.80355020E+03
  -0.81823594E+01   0.36531043E+03  -0.63216773E+03   0.78279251E+03
  -0.81593105E+01   0.35094576E+03  -0.61436167E+03   0.76251963E+03
  -0.81362616E+01   0.33698616E+03  -0.59701748E+03   0.74272166E+03
  -0.81132127E+01   0.32342110E+03  -0.58012434E+03   0.72338908E+03
  -0.80901638E+01   0.31024032E+03  -0.56367162E+03   0.70451279E+03
  -0.80671149E+01   0.29743378E+03  -0.54764893E+03   0.68608450E+03
  -0.80440660E+01   0.28499168E+03  -0.53204604E+03   0.66809613E+03
  -0.80210171E+01   0.27290448E+03  -0.51685287E+03   0.65054288E+03
  -0.79979682E+01   0.26116283E+03  -0.50205952E+03   0.63341506E+03
  -0.79749193E+01   0.24975764E+03  -0.48765603E+03   0.61672749E+03
  -0.79518704E+01   0.23868004E+03  -0.47363285E+03   0.60043019E+03
  -0.79288215E+01   0.22792137E+03  -0.45997892E+03   0.58469927E+03
  -0.79057726E+01   0.21747324E+03  -0.44668699E+03   0.56904754E+03
  -0.78827237E+01   0.20732746E+03  -0.43373664E+03   0.55503920E+03
  -0.78596748E+01   0.19747620E+03  -0.42114081E+03   0.53840726E+03
  -0.78366259E+01   0.18791169E+03  -0.40882021E+03   0.53088733E+03
  -0.78135770E+01   0.17862749E+03  -0.39688655E+03   0.50548198E+03
  -0.77905281E+01   0.16961241E+03  -0.38543434E+03   0.48889038E+03
  -0.77674792E+01   0.16085815E+03  -0.37420117E+03   0.48603288E+03
  -0.77444303E+01   0.15236068E+03  -0.36320867E+03   0.46857331E+03
  -0.77213814E+01   0.14411251E+03  -0.35254511E+03   0.45733623E+03
  -0.76983325E+01   0.13610697E+03  -0.34216199E+03   0.44437643E+03
  -0.76752836E+01   0.12833738E+03  -0.33206691E+03   0.43239260E+03
  -0.76522347E+01   0.12079729E+03  -0.32224790E+03   0.42051638E+03
  -0.76291858E+01   0.11348037E+03  -0.31269952E+03   0.40900960E+03
  -0.76061369E+01   0.10638050E+03  -0.30341437E+03   0.39779753E+03
  -0.75830880E+01   0.99491662E+02  -0.29438561E+03   0.38690717E+03
  -0.75600391E+01   0.92808044E+02  -0.28560604E+03   0.37635048E+03
  -0.75369902E+01   0.86323986E+02  -0.27706788E+03   0.36617169E+03
  -0.75139413E+01   0.80034026E+02  -0.26876197E+03   0.35645441E+03
  -0.74908924E+01   0.73932942E+02  -0.26067626E+03   0.34737655E+03
  -0.74678435E+01   0.68015852E+02  -0.25279256E+03   0.33929850E+03
  -0.74447946E+01   0.62278422E+02  -0.24508018E+03   0.33294238E+03
  -0.74217457E+01   0.56717279E+02  -0.23748376E+03   0.32969882E+03
  -0.73986968E+01   0.51330805E+02  -0.22990228E+03   0.33205646E+03
  -0.73756479E+01   0.46120516E+02  -0.22215913E+03   0.34392352E+03
  -0.73525990E+01   0.41093162E+02  -0.21397333E+03   0.37019957E+03
  -0.73295501E+01   0.36263214E+02  -0.20495910E+03   0.41484195E+03
  -0.73065012E+01   0.31654738E+02  -0.19468563E+03   0.47775356E+03
  -0.72834523E+01   0.27301118E+02  -0.18279888E+03   0.55263417E+03
  -0.72604034E+01   0.23241697E+02  -0.16915559E+03   0.62798738E+03
  -0.72373545E+01   0.19515883E+02  -0.15389911E+03   0.69092900E+03
  -0.72143056E+01   0.16156552E+02  -0.13744228E+03   0.73123239E+03
  -0.71912567E+01   0.13184775E+02  -0.12037810E+03   0.74352059E+03
  -0.71682078E+01   0.10606983E+02  -0.10336481E+03   0.72737486E+03
  -0.71451589E+01   0.84146922E+01  -0.87023422E+02   0.68623497E+03
  -0.71221100E+01   0.65862627E+01  -0.71865418E+02   0.62594519E+03
  -0.70990611E+01   0.50899355E+01  -0.58253308E+02   0.55338237E+03
  -0.70760122E+01   0.38874364E+01  -0.46390379E+02   0.47532202E+03
  -0.70529633E+01   0.29375371E+01  -0.36333242E+02   0.39760933E+03
  -0.70299144E+01   0.21991383E+01  -0.28019583E+02   0.32467513E+03
  -0.70068655E+01   0.16336140E+01  -0.21303074E+02   0.25939040E+03
  -0.69838166E+01   0.12063407E+01  -0.15988284E+02   0.20319252E+03
  -0.69607677E+01   0.88747127E+00  -0.11860547E+02   0.15637695E+03
  -0.69377188E+01   0.65210660E+00  -0.87082388E+01   0.11844636E+03
  -0.69146699E+01   0.48004495E+00  -0.63371611E+01   0.88436562E+02
  -0.68916210E+01   0.35528156E+00  -0.45781277E+01   0.65176014E+02
  -0.68685721E+01   0.26539513E+00  -0.32894745E+01   0.47467102E+02
  -0.68455232E+01   0.20091815E+00  -0.23562375E+01   0.34197146E+02
  -0.68224743E+01   0.15475002E+00  -0.16874507E+01   0.24395358E+02
  -0.67994254E+01   0.12164369E+00  -0.12126279E+01   0.17252350E+02
  -0.67763765E+01   0.97775730E-01  -0.87811969E+00   0.12115655E+02
  -0.67533277E+01   0.80397895E-01  -0.64374572E+00   0.84714801E+01
  -0.67302788E+01   0.67561221E-01  -0.47988511E+00   0.59210161E+01
  -0.67072299E+01   0.57901436E-01  -0.36506687E+00   0.41578593E+01
  -0.66841810E+01   0.50474462E-01  -0.28401478E+00   0.29498757E+01
  -0.66611321E+01   0.44632422E-01  -0.22607127E+00   0.21252507E+01
  -0.66380832E+01   0.39932264E-01  -0.18393528E+00   0.15607303E+01
  -0.66150343E+01   0.36070263E-01  -0.15267399E+00   0.11707451E+01
  -0.65919854E+01   0.32836451E-01  -0.12897868E+00   0.89749802E+00
  -0.65689365E+01   0.30083710E-01  -0.11062987E+00   0.70265660E+00
  -0.65458876E+01   0.27707194E-01  -0.96128817E-01   0.56100780E+00
  -0.65228387E+01   0.25630751E-01  -0.84451545E-01   0.45596185E+00
  -0.64997898E+01   0.23797968E-01  -0.74887760E-01   0.37652663E+00
  -0.64767409E+01   0.22166231E-01  -0.66936248E-01   0.31533450E+00
  -0.64536920E+01   0.20702752E-01  -0.60236925E-01   0.26737560E+00
  -0.64306431E+01   0.19381858E-01  -0.54526402E-01   0.22918849E+00
  -0.64075942E+01   0.18183124E-01  -0.49608626E-01   0.19834144E+00
  -0.63845453E+01   0.17090065E-01  -0.45335213E-01   0.17309737E+00
  -0.63614964E+01   0.16089201E-01  -0.41592095E-01   0.15219494E+00
  -0.63384475E+01   0.15169374E-01  -0.38290303E-01   0.13470381E+00
  -0.63153986E+01   0.14321255E-01  -0.35359508E-01   0.11992745E+00
  -0.62923497E+01   0.13536963E-01  -0.32743430E-01   0.10733699E+00
  -0.62693008E+01   0.12809788E-01  -0.30396523E-01   0.96525553E-01
  -0.62462519E+01   0.12133970E-01  -0.28281541E-01   0.87176283E-01
  -0.62232030E+01   0.11504527E-01  -0.26367744E-01   0.79039589E-01
  -0.62001541E+01   0.10917127E-01  -0.24629535E-01   0.71916799E-01
  -0.61771052E+01   0.10367976E-01  -0.23045437E-01   0.65648223E-01
  -0.61540563E+01   0.98537389E-02  -0.21597291E-01   0.60104342E-01
  -0.61310074E+01   0.93714635E-02  -0.20269645E-01   0.55179231E-01
  -0.61079585E+01   0.89185291E-02  -0.19049269E-01   0.50785591E-01
  -0.60849096E+01   0.84925978E-02  -0.17924768E-01   0.46850951E-01
  -0.60618607E+01   0.80915762E-02  -0.16886276E-01   0.43314752E-01
  -0.60388118E+01   0.77135830E-02  -0.15925210E-01   0.40126073E-01
  -0.60157629E+01   0.73569220E-02  -0.15034068E-01   0.37241845E-01
  -0.59927140E+01   0.70200591E-02  -0.14206262E-01   0.34625447E-01
  -0.59696651E+01   0.67016027E-02  -0.13435989E-01   0.32245580E-01
  -0.59466162E+01   0.64002872E-02  -0.12718112E-01   0.30075363E-01
  -0.59235673E+01   0.61149584E-02  -0.12048071E-01   0.28091610E-01
  -0.59005184E+01   0.58445614E-02  -0.11421806E-01   0.26274236E-01
  -0.58774695E+01   0.55881299E-02  -0.10835686E-01   0.24605771E-01
  -0.58544206E+01   0.53447768E-02  -0.10286458E-01   0.23070964E-01
  -0.58313717E+01   0.51136859E-02  -0.97711981E-02   0.21656453E-01
  -0.58083228E+01   0.48941054E-02  -0.92872717E-02   0.20350491E-01
  -0.57852739E+01   0.46853408E-02  -0.88322984E-02   0.19142718E-01
  -0.57622250E+01   0.44867500E-02  -0.84041222E-02   0.18023969E-01
  -0.57391761E+01   0.42977384E-02  -0.80007867E-02   0.16986113E-01
  -0.57161272E+01   0.41177542E-02  -0.76205120E-02   0.16021916E-01
  -0.56930783E+01   0.39462849E-02  -0.72616760E-02   0.15124926E-01
  -0.56700294E+01   0.37828536E-02  -0.69227972E-02   0.14289372E-01
  -0.56469805E+01   0.36270163E-02  -0.66025200E-02   0.13510081E-01
  -0.56239316E+01   0.34783586E-02  -0.62996022E-02   0.12782406E-01
  -0.56008827E+01   0.33364939E-02  -0.60129030E-02   0.12102161E-01
  -0.55778338E+01   0.32010605E-02  -0.57413733E-02   0.11465571E-01
  -0.55547849E+01   0.30717201E-02  -0.54840469E-02   0.10869220E-01
  -0.55317360E+01   0.29481558E-02  -0.52400324E-02   0.10310015E-01
  -0.55086871E+01   0.28300702E-02  -0.50085066E-02   0.97851491E-02
  -0.54856382E+01   0.27171845E-02  -0.47887077E-02   0.92920682E-02
  -0.54625893E+01   0.26092367E-02  -0.45799303E-02   0.88284473E-02
  -0.54395404E+01   0.25059802E-02  -0.43815203E-02   0.83921650E-02
  -0.54164915E+01   0.24071832E-02  -0.41928700E-02   0.79812827E-02
  -0.53934426E+01   0.23126275E-02  -0.40134148E-02   0.75940261E-02
  -0.53703937E+01   0.22221071E-02  -0.38426292E-02   0.72287691E-02
  -0.53473448E+01   0.21354279E-02  -0.36800234E-02   0.68840191E-02
  -0.53242959E+01   0.20524067E-02  -0.35251408E-02   0.65584042E-02
  -0.53012470E+01   0.19728706E-02  -0.33775552E-02   0.62506618E-02
  -0.52781981E+01   0.18966559E-02  -0.32368681E-02   0.59596283E-02
  -0.52551492E+01   0.18236080E-02  -0.31027069E-02   0.56842301E-02
  -0.52321003E+01   0.17535805E-02  -0.29747229E-02   0.54234756E-02
  -0.52090514E+01   0.16864348E-02  -0.28525893E-02   0.51764475E-02
  -0.51860025E+01   0.16220398E-02  -0.27359994E-02   0.49422965E-02
  -0.51629536E+01   0.15602709E-02  -0.26246658E-02   0.47202356E-02
  -0.51399047E+01   0.15010102E-02  -0.25183182E-02   0.45095343E-02
  -0.51168558E+01   0.14441456E-02  -0.24167028E-02   0.43095144E-02
  -0.50938069E+01   0.13895710E-02  -0.23195806E-02   0.41195450E-02
  -0.50707580E+01   0.13371853E-02  -0.22267270E-02   0.39390394E-02
  -0.50477091E+01   0.12868926E-02  -0.21379301E-02   0.37674507E-02
  -0.50246602E+01   0.12386018E-02  -0.20529903E-02   0.36042693E-02
  -0.50016113E+01   0.11922261E-02  -0.19717194E-02   0.34490197E-02
  -0.49785624E+01   0.11476830E-02  -0.18939398E-02   0.33012575E-02
  -0.49555135E+01   0.11048941E-02  -0.18194836E-02   0.31605677E-02
  -0.49324646E+01   0.10637845E-02  -0.17481925E-02   0.30265620E-02
  -0.49094157E+01   0.10242831E-02  -0.16799166E-02   0.28988768E-02
  -0.48863668E+01   0.98632198E-03  -0.16145142E-02   0.27771716E-02
  -0.48633179E+01   0.94983650E-03  -0.15518511E-02   0.26611270E-02
  -0.48402690E+01   0.91476498E-03  -0.14918005E-02   0.25504436E-02
  -0.48172201E+01   0.88104863E-03  -0.14342419E-02   0.24448401E-02
  -0.47941712E+01   0.84863132E-03  -0.13790613E-02   0.23440523E-02
  -0.47711223E+01   0.81745950E-03  -0.13261508E-02   0.22478318E-02
  -0.47480734E+01   0.78748204E-03  -0.12754076E-02   0.21559451E-02
  -0.47250245E+01   0.75865011E-03  -0.12267345E-02   0.20681723E-02
  -0.47019756E+01   0.73091708E-03  -0.11800391E-02   0.19843063E-02
  -0.46789267E+01   0.70423839E-03  -0.11352336E-02   0.19041518E-02
  -0.46558778E+01   0.67857143E-03  -0.10922346E-02   0.18275250E-02
  -0.46328289E+01   0.65387551E-03  -0.10509627E-02   0.17542523E-02
  -0.46097800E+01   0.63011167E-03  -0.10113427E-02   0.16841697E-02
  -0.45867311E+01   0.60724270E-03  -0.97330272E-03   0.16171226E-02
  -0.45636822E+01   0.58523295E-03  -0.93677454E-03   0.15529647E-02
  -0.45406333E+01   0.56404834E-03  -0.90169317E-03   0.14915579E-02
  -0.45175844E+01   0.54365624E-03  -0.86799673E-03   0.14327713E-02
  -0.44945355E+01   0.52402541E-03  -0.83562625E-03   0.13764814E-02
  -0.44714866E+01   0.50512595E-03  -0.80452556E-03   0.13225709E-02
  -0.44484377E+01   0.48692921E-03  -0.77464110E-03   0.12709291E-02
  -0.44253888E+01   0.46940775E-03  -0.74592181E-03   0.12214507E-02
  -0.44023399E+01   0.45253528E-03  -0.71831896E-03   0.11740362E-02
  -0.43792910E+01   0.43628660E-03  -0.69178610E-03   0.11285912E-02
  -0.43562421E+01   0.42063758E-03  -0.66627887E-03   0.10850259E-02
  -0.43331932E+01   0.40556506E-03  -0.64175493E-03   0.10432554E-02
  -0.43101443E+01   0.39104685E-03  -0.61817386E-03   0.10031988E-02
  -0.42870954E+01   0.37706166E-03  -0.59549703E-03   0.96477959E-03
  -0.42640465E+01   0.36358908E-03  -0.57368757E-03   0.92792475E-03
  -0.42409976E+01   0.35060953E-03  -0.55271021E-03   0.89256505E-03
  -0.42179487E+01   0.33810422E-03  -0.53253125E-03   0.85863463E-03
  -0.41948998E+01   0.32605512E-03  -0.51311850E-03   0.82607085E-03
  -0.41718509E+01   0.31444494E-03  -0.49444112E-03   0.79481411E-03
  -0.41488020E+01   0.30325705E-03  -0.47646967E-03   0.76480769E-03
  -0.41257531E+01   0.29247553E-03  -0.45917595E-03   0.73599757E-03
  -0.41027042E+01   0.28208505E-03  -0.44253298E-03   0.70833233E-03
  -0.40796553E+01   0.27207093E-03  -0.42651494E-03   0.68176296E-03
  -0.40566064E+01   0.26241904E-03  -0.41109712E-03   0.65624279E-03
  -0.40335575E+01   0.25311583E-03  -0.39625585E-03   0.63172729E-03
  -0.40105086E+01   0.24414826E-03  -0.38196847E-03   0.60817405E-03
  -0.39874597E+01   0.23550383E-03  -0.36821326E-03   0.58554258E-03
  -0.39644108E+01   0.22717051E-03  -0.35496944E-03   0.56379428E-03
  -0.39413619E+01   0.21913675E-03  -0.34221707E-03   0.54289232E-03
  -0.39183130E+01   0.21139143E-03  -0.32993706E-03   0.52280151E-03
  -0.38952641E+01   0.20392389E-03  -0.31811109E-03   0.50348830E-03
  -0.38722152E+01   0.19672386E-03  -0.30672162E-03   0.48492062E-03
  -0.38491663E+01   0.18978147E-03  -0.29575181E-03   0.46706786E-03
  -0.38261174E+01   0.18308725E-03  -0.28518554E-03   0.44990074E-03
  -0.38030685E+01   0.17663206E-03  -0.27500732E-03   0.43339132E-03
  -0.37800196E+01   0.17040715E-03  -0.26520230E-03   0.41751287E-03
  -0.37569707E+01   0.16440406E-03  -0.25575624E-03   0.40223984E-03
  -0.37339218E+01   0.15861470E-03  -0.24665547E-03   0.38754780E-03
  -0.37108729E+01   0.15303124E-03  -0.23788685E-03   0.37341338E-03
  -0.36878240E+01   0.14764618E-03  -0.22943782E-03   0.35981423E-03
  -0.36647751E+01   0.14245230E-03  -0.22129626E-03   0.34672896E-03
  -0.36417262E+01   0.13744264E-03  -0.21345058E-03   0.33413709E-03
  -0.36186773E+01   0.13261051E-03  -0.20588964E-03   0.32201904E-03
  -0.35956284E+01   0.12794947E-03  -0.19860272E-03   0.31035604E-03
  -0.35725795E+01   0.12345333E-03  -0.19157955E-03   0.29913013E-03
  -0.35495306E+01   0.11911613E-03  -0.18481026E-03   0.28832410E-03
  -0.35264817E+01   0.11493211E-03  -0.17828535E-03   0.27792148E-03
  -0.35034328E+01   0.11089576E-03  -0.17199572E-03   0.26790647E-03
  -0.34803839E+01   0.10700175E-03  -0.16593259E-03   0.25826395E-03
  -0.34573350E+01   0.10324495E-03  -0.16008757E-03   0.24897941E-03
  -0.34342861E+01   0.99620447E-04  -0.15445255E-03   0.24003897E-03
  -0.34112372E+01   0.96123477E-04  -0.14901977E-03   0.23142929E-03
  -0.33881883E+01   0.92749467E-04  -0.14378174E-03   0.22313759E-03
  -0.33651394E+01   0.89494014E-04  -0.13873127E-03   0.21515164E-03
  -0.33420905E+01   0.86352873E-04  -0.13386147E-03   0.20745966E-03
  -0.33190416E+01   0.83321958E-04  -0.12916567E-03   0.20005040E-03
  -0.32959927E+01   0.80397332E-04  -0.12463750E-03   0.19291303E-03
  -0.32729438E+01   0.77575203E-04  -0.12027081E-03   0.18603719E-03
  -0.32498949E+01   0.74851917E-04  -0.11605967E-03   0.17941290E-03
  -0.32268460E+01   0.72223956E-04  -0.11199841E-03   0.17303062E-03
  -0.32037971E+01   0.69687927E-04  -0.10808156E-03   0.16688117E-03
  -0.31807482E+01   0.67240565E-04  -0.10430385E-03   0.16095574E-03
  -0.31576993E+01   0.64878720E-04  -0.10066021E-03   0.15524587E-03
  -0.31346504E+01   0.62599358E-04  -0.97145769E-04   0.14974344E-03
  -0.31116015E+01   0.60399557E-04  -0.93755840E-04   0.14444066E-03
  -0.30885526E+01   0.58276498E-04  -0.90485906E-04   0.13933002E-03
  -0.30655037E+01   0.56227467E-04  -0.87331621E-04   0.13440435E-03
  -0.30424548E+01   0.54249846E-04  -0.84288803E-04   0.12965671E-03
  -0.30194059E+01   0.52341113E-04  -0.81353425E-04   0.12508047E-03
  -0.29963570E+01   0.50498837E-04  -0.78521610E-04   0.12066924E-03
  -0.29733081E+01   0.48720673E-04  -0.75789627E-04   0.11641690E-03
  -0.29502592E+01   0.47004362E-04  -0.73153882E-04   0.11231754E-03
  -0.29272103E+01   0.45347727E-04  -0.70610914E-04   0.10836550E-03
  -0.29041614E+01   0.43748667E-04  -0.68157391E-04   0.10455532E-03
  -0.28811125E+01   0.42205159E-04  -0.65790104E-04   0.10088179E-03
  -0.28580636E+01   0.40715250E-04  -0.63505963E-04   0.97339841E-04
  -0.28350147E+01   0.39277058E-04  -0.61301989E-04   0.93924651E-04
  -0.28119658E+01   0.37888769E-04  -0.59175315E-04   0.90631558E-04
  -0.27889169E+01   0.36548633E-04  -0.57123180E-04   0.87456082E-04
  -0.27658680E+01   0.35254964E-04  -0.55142922E-04   0.84393915E-04
  -0.27428191E+01   0.34006133E-04  -0.53231978E-04   0.81440915E-04
  -0.27197702E+01   0.32800573E-04  -0.51387878E-04   0.78593094E-04
  -0.26967213E+01   0.31636770E-04  -0.49608242E-04   0.75846617E-04
  -0.26736724E+01   0.30513265E-04  -0.47890777E-04   0.73197793E-04
  -0.26506235E+01   0.29428650E-04  -0.46233273E-04   0.70643073E-04
  -0.26275746E+01   0.28381568E-04  -0.44633601E-04   0.68179039E-04
  -0.26045257E+01   0.27370711E-04  -0.43089709E-04   0.65802403E-04
  -0.25814768E+01   0.26394814E-04  -0.41599619E-04   0.63509999E-04
  -0.25584279E+01   0.25452661E-04  -0.40161425E-04   0.61298782E-04
  -0.25353790E+01   0.24543076E-04  -0.38773290E-04   0.59165819E-04
  -0.25123301E+01   0.23664927E-04  -0.37433443E-04   0.57108288E-04
  -0.24892812E+01   0.22817119E-04  -0.36140176E-04   0.55123471E-04
  -0.24662323E+01   0.21998599E-04  -0.34891845E-04   0.53208751E-04
  -0.24431834E+01   0.21208349E-04  -0.33686862E-04   0.51361610E-04
  -0.24201345E+01   0.20445387E-04  -0.32523699E-04   0.49579622E-04
  -0.23970856E+01   0.19708768E-04  -0.31400880E-04   0.47860451E-04
  -0.23740367E+01   0.18997577E-04  -0.30316983E-04   0.46201848E-04
  -0.23509878E+01   0.18310933E-04  -0.29270639E-04   0.44601646E-04
  -0.23279389E+01   0.17647987E-04  -0.28260524E-04   0.43057759E-04
  -0.23048900E+01   0.17007917E-04  -0.27285365E-04   0.41568177E-04
  -0.22818411E+01   0.16389932E-04  -0.26343932E-04   0.40130966E-04
  -0.22587922E+01   0.15793269E-04  -0.25435040E-04   0.38744259E-04
  -0.22357433E+01   0.15217192E-04  -0.24557545E-04   0.37406260E-04
  -0.22126944E+01   0.14660988E-04  -0.23710344E-04   0.36115240E-04
  -0.21896455E+01   0.14123972E-04  -0.22892375E-04   0.34869531E-04
  -0.21665966E+01   0.13605483E-04  -0.22102612E-04   0.33667527E-04
  -0.21435477E+01   0.13104881E-04  -0.21340064E-04   0.32507679E-04
  -0.21204988E+01   0.12621551E-04  -0.20603779E-04   0.31388497E-04
  -0.20974499E+01   0.12154898E-04  -0.19892834E-04   0.30308543E-04
  -0.20744010E+01   0.11704348E-04  -0.19206343E-04   0.29266432E-04
  -0.20513521E+01   0.11269346E-04  -0.18543448E-04   0.28260830E-04
  -0.20283032E+01   0.10849360E-04  -0.17903322E-04   0.27290451E-04
  -0.20052543E+01   0.10443874E-04  -0.17285169E-04   0.26354054E-04
  -0.19822054E+01   0.10052389E-04  -0.16688218E-04   0.25450445E-04
  -0.19591565E+01   0.96744266E-05  -0.16111728E-04   0.24578472E-04
  -0.19361076E+01   0.93095224E-05  -0.15554982E-04   0.23737024E-04
  -0.19130587E+01   0.89572297E-05  -0.15017289E-04   0.22925032E-04
  -0.18900098E+01   0.86171171E-05  -0.14497983E-04   0.22141464E-04
  -0.18669609E+01   0.82887683E-05  -0.13996418E-04   0.21385324E-04
  -0.18439120E+01   0.79717815E-05  -0.13511975E-04   0.20655654E-04
  -0.18208631E+01   0.76657691E-05  -0.13044054E-04   0.19951528E-04
  -0.17978142E+01   0.73703568E-05  -0.12592076E-04   0.19272056E-04
  -0.17747653E+01   0.70851839E-05  -0.12155484E-04   0.18616377E-04
  -0.17517164E+01   0.68099017E-05  -0.11733738E-04   0.17983661E-04
  -0.17286675E+01   0.65441743E-05  -0.11326319E-04   0.17373110E-04
  -0.17056186E+01   0.62876771E-05  -0.10932724E-04   0.16783950E-04
  -0.16825697E+01   0.60400973E-05  -0.10552470E-04   0.16215439E-04
  -0.16595208E+01   0.58011326E-05  -0.10185087E-04   0.15666857E-04
  -0.16364719E+01   0.55704917E-05  -0.98301266E-05   0.15137512E-04
  -0.16134230E+01   0.53478933E-05  -0.94871513E-05   0.14626736E-04
  -0.15903741E+01   0.51330661E-05  -0.91557412E-05   0.14133883E-04
  -0.15673252E+01   0.49257481E-05  -0.88354902E-05   0.13658330E-04
  -0.15442763E+01   0.47256867E-05  -0.85260066E-05   0.13199475E-04
  -0.15212274E+01   0.45326381E-05  -0.82269123E-05   0.12756739E-04
  -0.14981785E+01   0.43463671E-05  -0.79378422E-05   0.12329560E-04
  -0.14751296E+01   0.41666467E-05  -0.76584442E-05   0.11917396E-04
  -0.14520807E+01   0.39932580E-05  -0.73883781E-05   0.11519724E-04
  -0.14290318E+01   0.38259896E-05  -0.71273158E-05   0.11136037E-04
  -0.14059829E+01   0.36646377E-05  -0.68749406E-05   0.10765847E-04
  -0.13829340E+01   0.35090056E-05  -0.66309470E-05   0.10408679E-04
  -0.13598851E+01   0.33589035E-05  -0.63950401E-05   0.10064077E-04
  -0.13368362E+01   0.32141483E-05  -0.61669354E-05   0.97315960E-05
  -0.13137873E+01   0.30745635E-05  -0.59463585E-05   0.94108073E-05
  -0.12907384E+01   0.29399785E-05  -0.57330448E-05   0.91012947E-05
  -0.12676895E+01   0.28102289E-05  -0.55267390E-05   0.88026551E-05
  -0.12446406E+01   0.26851560E-05  -0.53271951E-05   0.85144973E-05
  -0.12215917E+01   0.25646068E-05  -0.51341759E-05   0.82364415E-05
  -0.11985428E+01   0.24484334E-05  -0.49474527E-05   0.79681193E-05
  -0.11754939E+01   0.23364934E-05  -0.47668055E-05   0.77091722E-05
  -0.11524450E+01   0.22286491E-05  -0.45920222E-05   0.74592521E-05
  -0.11293961E+01   0.21247678E-05  -0.44228987E-05   0.72180199E-05
  -0.11063472E+01   0.20247213E-05  -0.42592385E-05   0.69851458E-05
  -0.10832983E+01   0.19283858E-05  -0.41008528E-05   0.67603081E-05
  -0.10602494E+01   0.18356419E-05  -0.39475599E-05   0.65431937E-05
  -0.10372005E+01   0.17463742E-05  -0.37991854E-05   0.63334969E-05
  -0.10141516E+01   0.16604713E-05  -0.36555619E-05   0.61309195E-05
  -0.99110269E+00   0.15778255E-05  -0.35165286E-05   0.59351705E-05
  -0.96805379E+00   0.14983330E-05  -0.33819315E-05   0.57459657E-05
  -0.94500489E+00   0.14218930E-05  -0.32516230E-05   0.55630277E-05
  -0.92195599E+00   0.13484084E-05  -0.31254618E-05   0.53860857E-05
  -0.89890709E+00   0.12777852E-05  -0.30033128E-05   0.52148755E-05
  -0.87585819E+00   0.12099325E-05  -0.28850470E-05   0.50491393E-05
  -0.85280929E+00   0.11447620E-05  -0.27705411E-05   0.48886261E-05
  -0.82976039E+00   0.10821886E-05  -0.26596777E-05   0.47330914E-05
  -0.80671149E+00   0.10221296E-05  -0.25523448E-05   0.45822980E-05
  -0.78366259E+00   0.96450485E-06  -0.24484359E-05   0.44360155E-05
  -0.76061369E+00   0.90923658E-06  -0.23478497E-05   0.42940215E-05
  -0.73756479E+00   0.85624935E-06  -0.22504900E-05   0.41561012E-05
  -0.71451589E+00   0.80546985E-06  -0.21562654E-05   0.40220484E-05
  -0.69146699E+00   0.75682683E-06  -0.20650892E-05   0.38916658E-05
  -0.66841810E+00   0.71025099E-06  -0.19768791E-05   0.37647656E-05
  -0.64536920E+00   0.66567486E-06  -0.18915572E-05   0.36411701E-05
  -0.62232030E+00   0.62303273E-06  -0.18090494E-05   0.35207120E-05
  -0.59927140E+00   0.58226057E-06  -0.17292854E-05   0.34032356E-05
  -0.57622250E+00   0.54329590E-06  -0.16521986E-05   0.32885968E-05
  -0.55317360E+00   0.50607776E-06  -0.15777255E-05   0.31766638E-05
  -0.53012470E+00   0.47054660E-06  -0.15058054E-05   0.30673180E-05
  -0.50707580E+00   0.43664425E-06  -0.14363806E-05   0.29604540E-05
  -0.48402690E+00   0.40431385E-06  -0.13693955E-05   0.28559802E-05
  -0.46097800E+00   0.37349977E-06  -0.13047967E-05   0.27538201E-05
  -0.43792910E+00   0.34414762E-06  -0.12425326E-05   0.26539103E-05
  -0.41488020E+00   0.31620416E-06  -0.11825532E-05   0.25562083E-05
  -0.39183130E+00   0.28961730E-06  -0.11248096E-05   0.24606710E-05
  -0.36878240E+00   0.26433605E-06  -0.10692536E-05   0.23673314E-05
  -0.34573350E+00   0.24031054E-06  -0.10158390E-05   0.22760461E-05
  -0.32268460E+00   0.21749196E-06  -0.96451561E-06   0.21873631E-05
  -0.29963570E+00   0.19583258E-06  -0.91524899E-06   0.20996196E-05
  -0.27658680E+00   0.17528574E-06  -0.86795165E-06   0.20187042E-05
  -0.25353790E+00   0.15580585E-06  -0.82271372E-06   0.19256244E-05
  -0.23048900E+00   0.13734840E-06  -0.77903564E-06   0.18837917E-05
  -0.20744010E+00   0.11986995E-06  -0.73835368E-06   0.16879947E-05
  -0.18439120E+00   0.10332816E-06  -0.69580548E-06   0.20015109E-05
  -0.16134230E+00   0.87681773E-07  -0.66674850E-06   0.72653291E-06
  -0.13829340E+00   0.72890664E-07  -0.60265191E-06   0.43956524E-05
  -0.11524450E+00   0.58915818E-07  -0.65253266E-06  -0.66524037E-05
  -0.92195599E-01   0.45719358E-07  -0.37216288E-06   0.25445909E-04
  -0.69146699E-01   0.33264549E-07  -0.10233602E-05  -0.50129862E-04
  -0.46097800E-01   0.21515809E-07   0.71201794E-06   0.19556982E-03
  -0.23048900E-01   0.10438713E-07  -0.26353182E-05   0.32320373E-03
   0.00000000E+00   0.00000000E+00  -0.00000000E+00              NaN
