 -0.18420681E+002
 -0.18409646E+002
 -0.18398612E+002
 -0.18387577E+002
 -0.18376543E+002
 -0.18365508E+002
 -0.18354474E+002
 -0.18343439E+002
 -0.18332405E+002
 -0.18321370E+002
 -0.18310336E+002
 -0.18299301E+002
 -0.18288266E+002
 -0.18277232E+002
 -0.18266197E+002
 -0.18255163E+002
 -0.18244128E+002
 -0.18233094E+002
 -0.18222059E+002
 -0.18211025E+002
 -0.18199990E+002
 -0.18188956E+002
 -0.18177921E+002
 -0.18166887E+002
 -0.18155852E+002
 -0.18144818E+002
 -0.18133783E+002
 -0.18122749E+002
 -0.18111714E+002
 -0.18100680E+002
 -0.18089645E+002
 -0.18078611E+002
 -0.18067576E+002
 -0.18056542E+002
 -0.18045507E+002
 -0.18034472E+002
 -0.18023438E+002
 -0.18012403E+002
 -0.18001369E+002
 -0.17990334E+002
 -0.17979300E+002
 -0.17968265E+002
 -0.17957231E+002
 -0.17946196E+002
 -0.17935162E+002
 -0.17924127E+002
 -0.17913093E+002
 -0.17902058E+002
 -0.17891024E+002
 -0.17879989E+002
 -0.17868955E+002
 -0.17857920E+002
 -0.17846886E+002
 -0.17835851E+002
 -0.17824817E+002
 -0.17813782E+002
 -0.17802748E+002
 -0.17791713E+002
 -0.17780679E+002
 -0.17769644E+002
 -0.17758609E+002
 -0.17747575E+002
 -0.17736540E+002
 -0.17725506E+002
 -0.17714471E+002
 -0.17703437E+002
 -0.17692402E+002
 -0.17681368E+002
 -0.17670333E+002
 -0.17659299E+002
 -0.17648264E+002
 -0.17637230E+002
 -0.17626195E+002
 -0.17615161E+002
 -0.17604126E+002
 -0.17593092E+002
 -0.17582057E+002
 -0.17571023E+002
 -0.17559988E+002
 -0.17548954E+002
 -0.17537919E+002
 -0.17526885E+002
 -0.17515850E+002
 -0.17504815E+002
 -0.17493781E+002
 -0.17482746E+002
 -0.17471712E+002
 -0.17460677E+002
 -0.17449643E+002
 -0.17438608E+002
 -0.17427574E+002
 -0.17416539E+002
 -0.17405505E+002
 -0.17394470E+002
 -0.17383436E+002
 -0.17372401E+002
 -0.17361367E+002
 -0.17350332E+002
 -0.17339298E+002
 -0.17328263E+002
 -0.17317229E+002
 -0.17306194E+002
 -0.17295160E+002
 -0.17284125E+002
 -0.17273091E+002
 -0.17262056E+002
 -0.17251021E+002
 -0.17239987E+002
 -0.17228952E+002
 -0.17217918E+002
 -0.17206883E+002
 -0.17195849E+002
 -0.17184814E+002
 -0.17173780E+002
 -0.17162745E+002
 -0.17151711E+002
 -0.17140676E+002
 -0.17129642E+002
 -0.17118607E+002
 -0.17107573E+002
 -0.17096538E+002
 -0.17085504E+002
 -0.17074469E+002
 -0.17063435E+002
 -0.17052400E+002
 -0.17041366E+002
 -0.17030331E+002
 -0.17019297E+002
 -0.17008262E+002
 -0.16997227E+002
 -0.16986193E+002
 -0.16975158E+002
 -0.16964124E+002
 -0.16953089E+002
 -0.16942055E+002
 -0.16931020E+002
 -0.16919986E+002
 -0.16908951E+002
 -0.16897917E+002
 -0.16886882E+002
 -0.16875848E+002
 -0.16864813E+002
 -0.16853779E+002
 -0.16842744E+002
 -0.16831710E+002
 -0.16820675E+002
 -0.16809641E+002
 -0.16798606E+002
 -0.16787572E+002
 -0.16776537E+002
 -0.16765503E+002
 -0.16754468E+002
 -0.16743433E+002
 -0.16732399E+002
 -0.16721364E+002
 -0.16710330E+002
 -0.16699295E+002
 -0.16688261E+002
 -0.16677226E+002
 -0.16666192E+002
 -0.16655157E+002
 -0.16644123E+002
 -0.16633088E+002
 -0.16622054E+002
 -0.16611019E+002
 -0.16599985E+002
 -0.16588950E+002
 -0.16577916E+002
 -0.16566881E+002
 -0.16555847E+002
 -0.16544812E+002
 -0.16533778E+002
 -0.16522743E+002
 -0.16511709E+002
 -0.16500674E+002
 -0.16489639E+002
 -0.16478605E+002
 -0.16467570E+002
 -0.16456536E+002
 -0.16445501E+002
 -0.16434467E+002
 -0.16423432E+002
 -0.16412398E+002
 -0.16401363E+002
 -0.16390329E+002
 -0.16379294E+002
 -0.16368260E+002
 -0.16357225E+002
 -0.16346191E+002
 -0.16335156E+002
 -0.16324122E+002
 -0.16313087E+002
 -0.16302053E+002
 -0.16291018E+002
 -0.16279984E+002
 -0.16268949E+002
 -0.16257915E+002
 -0.16246880E+002
 -0.16235845E+002
 -0.16224811E+002
 -0.16213776E+002
 -0.16202742E+002
 -0.16191707E+002
 -0.16180673E+002
 -0.16169638E+002
 -0.16158604E+002
 -0.16147569E+002
 -0.16136535E+002
 -0.16125500E+002
 -0.16114466E+002
 -0.16103431E+002
 -0.16092397E+002
 -0.16081362E+002
 -0.16070328E+002
 -0.16059293E+002
 -0.16048259E+002
 -0.16037224E+002
 -0.16026190E+002
 -0.16015155E+002
 -0.16004121E+002
 -0.15993086E+002
 -0.15982052E+002
 -0.15971017E+002
 -0.15959982E+002
 -0.15948948E+002
 -0.15937913E+002
 -0.15926879E+002
 -0.15915844E+002
 -0.15904810E+002
 -0.15893775E+002
 -0.15882741E+002
 -0.15871706E+002
 -0.15860672E+002
 -0.15849637E+002
 -0.15838603E+002
 -0.15827568E+002
 -0.15816534E+002
 -0.15805499E+002
 -0.15794465E+002
 -0.15783430E+002
 -0.15772396E+002
 -0.15761361E+002
 -0.15750327E+002
 -0.15739292E+002
 -0.15728258E+002
 -0.15717223E+002
 -0.15706188E+002
 -0.15695154E+002
 -0.15684119E+002
 -0.15673085E+002
 -0.15662050E+002
 -0.15651016E+002
 -0.15639981E+002
 -0.15628947E+002
 -0.15617912E+002
 -0.15606878E+002
 -0.15595843E+002
 -0.15584809E+002
 -0.15573774E+002
 -0.15562740E+002
 -0.15551705E+002
 -0.15540671E+002
 -0.15529636E+002
 -0.15518602E+002
 -0.15507567E+002
 -0.15496533E+002
 -0.15485498E+002
 -0.15474464E+002
 -0.15463429E+002
 -0.15452394E+002
 -0.15441360E+002
 -0.15430325E+002
 -0.15419291E+002
 -0.15408256E+002
 -0.15397222E+002
 -0.15386187E+002
 -0.15375153E+002
 -0.15364118E+002
 -0.15353084E+002
 -0.15342049E+002
 -0.15331015E+002
 -0.15319980E+002
 -0.15308946E+002
 -0.15297911E+002
 -0.15286877E+002
 -0.15275842E+002
 -0.15264808E+002
 -0.15253773E+002
 -0.15242739E+002
 -0.15231704E+002
 -0.15220670E+002
 -0.15209635E+002
 -0.15198600E+002
 -0.15187566E+002
 -0.15176531E+002
 -0.15165497E+002
 -0.15154462E+002
 -0.15143428E+002
 -0.15132393E+002
 -0.15121359E+002
 -0.15110324E+002
 -0.15099290E+002
 -0.15088255E+002
 -0.15077221E+002
 -0.15066186E+002
 -0.15055152E+002
 -0.15044117E+002
 -0.15033083E+002
 -0.15022048E+002
 -0.15011014E+002
 -0.14999979E+002
 -0.14988945E+002
 -0.14977910E+002
 -0.14966876E+002
 -0.14955841E+002
 -0.14944806E+002
 -0.14933772E+002
 -0.14922737E+002
 -0.14911703E+002
 -0.14900668E+002
 -0.14889634E+002
 -0.14878599E+002
 -0.14867565E+002
 -0.14856530E+002
 -0.14845496E+002
 -0.14834461E+002
 -0.14823427E+002
 -0.14812392E+002
 -0.14801358E+002
 -0.14790323E+002
 -0.14779289E+002
 -0.14768254E+002
 -0.14757220E+002
 -0.14746185E+002
 -0.14735151E+002
 -0.14724116E+002
 -0.14713082E+002
 -0.14702047E+002
 -0.14691012E+002
 -0.14679978E+002
 -0.14668943E+002
 -0.14657909E+002
 -0.14646874E+002
 -0.14635840E+002
 -0.14624805E+002
 -0.14613771E+002
 -0.14602736E+002
 -0.14591702E+002
 -0.14580667E+002
 -0.14569633E+002
 -0.14558598E+002
 -0.14547564E+002
 -0.14536529E+002
 -0.14525495E+002
 -0.14514460E+002
 -0.14503426E+002
 -0.14492391E+002
 -0.14481357E+002
 -0.14470322E+002
 -0.14459288E+002
 -0.14448253E+002
 -0.14437219E+002
 -0.14426184E+002
 -0.14415149E+002
 -0.14404115E+002
 -0.14393080E+002
 -0.14382046E+002
 -0.14371011E+002
 -0.14359977E+002
 -0.14348942E+002
 -0.14337908E+002
 -0.14326873E+002
 -0.14315839E+002
 -0.14304804E+002
 -0.14293770E+002
 -0.14282735E+002
 -0.14271701E+002
 -0.14260666E+002
 -0.14249632E+002
 -0.14238597E+002
 -0.14227563E+002
 -0.14216528E+002
 -0.14205494E+002
 -0.14194459E+002
 -0.14183425E+002
 -0.14172390E+002
 -0.14161355E+002
 -0.14150321E+002
 -0.14139286E+002
 -0.14128252E+002
 -0.14117217E+002
 -0.14106183E+002
 -0.14095148E+002
 -0.14084114E+002
 -0.14073079E+002
 -0.14062045E+002
 -0.14051010E+002
 -0.14039976E+002
 -0.14028941E+002
 -0.14017907E+002
 -0.14006872E+002
 -0.13995838E+002
 -0.13984803E+002
 -0.13973769E+002
 -0.13962734E+002
 -0.13951700E+002
 -0.13940665E+002
 -0.13929631E+002
 -0.13918596E+002
 -0.13907561E+002
 -0.13896527E+002
 -0.13885492E+002
 -0.13874458E+002
 -0.13863423E+002
 -0.13852389E+002
 -0.13841354E+002
 -0.13830320E+002
 -0.13819285E+002
 -0.13808251E+002
 -0.13797216E+002
 -0.13786182E+002
 -0.13775147E+002
 -0.13764113E+002
 -0.13753078E+002
 -0.13742044E+002
 -0.13731009E+002
 -0.13719975E+002
 -0.13708940E+002
 -0.13697906E+002
 -0.13686871E+002
 -0.13675837E+002
 -0.13664802E+002
 -0.13653767E+002
 -0.13642733E+002
 -0.13631698E+002
 -0.13620664E+002
 -0.13609629E+002
 -0.13598595E+002
 -0.13587560E+002
 -0.13576526E+002
 -0.13565491E+002
 -0.13554457E+002
 -0.13543422E+002
 -0.13532388E+002
 -0.13521353E+002
 -0.13510319E+002
 -0.13499284E+002
 -0.13488250E+002
 -0.13477215E+002
 -0.13466181E+002
 -0.13455146E+002
 -0.13444112E+002
 -0.13433077E+002
 -0.13422043E+002
 -0.13411008E+002
 -0.13399973E+002
 -0.13388939E+002
 -0.13377904E+002
 -0.13366870E+002
 -0.13355835E+002
 -0.13344801E+002
 -0.13333766E+002
 -0.13322732E+002
 -0.13311697E+002
 -0.13300663E+002
 -0.13289628E+002
 -0.13278594E+002
 -0.13267559E+002
 -0.13256525E+002
 -0.13245490E+002
 -0.13234456E+002
 -0.13223421E+002
 -0.13212387E+002
 -0.13201352E+002
 -0.13190318E+002
 -0.13179283E+002
 -0.13168249E+002
 -0.13157214E+002
 -0.13146179E+002
 -0.13135145E+002
 -0.13124110E+002
 -0.13113076E+002
 -0.13102041E+002
 -0.13091007E+002
 -0.13079972E+002
 -0.13068938E+002
 -0.13057903E+002
 -0.13046869E+002
 -0.13035834E+002
 -0.13024800E+002
 -0.13013765E+002
 -0.13002731E+002
 -0.12991696E+002
 -0.12980662E+002
 -0.12969627E+002
 -0.12958593E+002
 -0.12947558E+002
 -0.12936524E+002
 -0.12925489E+002
 -0.12914455E+002
 -0.12903420E+002
 -0.12892386E+002
 -0.12881351E+002
 -0.12870316E+002
 -0.12859282E+002
 -0.12848247E+002
 -0.12837213E+002
 -0.12826178E+002
 -0.12815144E+002
 -0.12804109E+002
 -0.12793075E+002
 -0.12782040E+002
 -0.12771006E+002
 -0.12759971E+002
 -0.12748937E+002
 -0.12737902E+002
 -0.12726868E+002
 -0.12715833E+002
 -0.12704799E+002
 -0.12693764E+002
 -0.12682730E+002
 -0.12671695E+002
 -0.12660661E+002
 -0.12649626E+002
 -0.12638592E+002
 -0.12627557E+002
 -0.12616522E+002
 -0.12605488E+002
 -0.12594453E+002
 -0.12583419E+002
 -0.12572384E+002
 -0.12561350E+002
 -0.12550315E+002
 -0.12539281E+002
 -0.12528246E+002
 -0.12517212E+002
 -0.12506177E+002
 -0.12495143E+002
 -0.12484108E+002
 -0.12473074E+002
 -0.12462039E+002
 -0.12451005E+002
 -0.12439970E+002
 -0.12428936E+002
 -0.12417901E+002
 -0.12406867E+002
 -0.12395832E+002
 -0.12384798E+002
 -0.12373763E+002
 -0.12362728E+002
 -0.12351694E+002
 -0.12340659E+002
 -0.12329625E+002
 -0.12318590E+002
 -0.12307556E+002
 -0.12296521E+002
 -0.12285487E+002
 -0.12274452E+002
 -0.12263418E+002
 -0.12252383E+002
 -0.12241349E+002
 -0.12230314E+002
 -0.12219280E+002
 -0.12208245E+002
 -0.12197211E+002
 -0.12186176E+002
 -0.12175142E+002
 -0.12164107E+002
 -0.12153073E+002
 -0.12142038E+002
 -0.12131004E+002
 -0.12119969E+002
 -0.12108934E+002
 -0.12097900E+002
 -0.12086865E+002
 -0.12075831E+002
 -0.12064796E+002
 -0.12053762E+002
 -0.12042727E+002
 -0.12031693E+002
 -0.12020658E+002
 -0.12009624E+002
 -0.11998589E+002
 -0.11987555E+002
 -0.11976520E+002
 -0.11965486E+002
 -0.11954451E+002
 -0.11943417E+002
 -0.11932382E+002
 -0.11921348E+002
 -0.11910313E+002
 -0.11899279E+002
 -0.11888244E+002
 -0.11877210E+002
 -0.11866175E+002
 -0.11855140E+002
 -0.11844106E+002
 -0.11833071E+002
 -0.11822037E+002
 -0.11811002E+002
 -0.11799968E+002
 -0.11788933E+002
 -0.11777899E+002
 -0.11766864E+002
 -0.11755830E+002
 -0.11744795E+002
 -0.11733761E+002
 -0.11722726E+002
 -0.11711692E+002
 -0.11700657E+002
 -0.11689623E+002
 -0.11678588E+002
 -0.11667554E+002
 -0.11656519E+002
 -0.11645485E+002
 -0.11634450E+002
 -0.11623416E+002
 -0.11612381E+002
 -0.11601346E+002
 -0.11590312E+002
 -0.11579277E+002
 -0.11568243E+002
 -0.11557208E+002
 -0.11546174E+002
 -0.11535139E+002
 -0.11524105E+002
 -0.11513070E+002
 -0.11502036E+002
 -0.11491001E+002
 -0.11479967E+002
 -0.11468932E+002
 -0.11457898E+002
 -0.11446863E+002
 -0.11435829E+002
 -0.11424794E+002
 -0.11413760E+002
 -0.11402725E+002
 -0.11391691E+002
 -0.11380656E+002
 -0.11369622E+002
 -0.11358587E+002
 -0.11347552E+002
 -0.11336518E+002
 -0.11325483E+002
 -0.11314449E+002
 -0.11303414E+002
 -0.11292380E+002
 -0.11281345E+002
 -0.11270311E+002
 -0.11259276E+002
 -0.11248242E+002
 -0.11237207E+002
 -0.11226173E+002
 -0.11215138E+002
 -0.11204104E+002
 -0.11193069E+002
 -0.11182035E+002
 -0.11171000E+002
 -0.11159966E+002
 -0.11148931E+002
 -0.11137897E+002
 -0.11126862E+002
 -0.11115828E+002
 -0.11104793E+002
 -0.11093759E+002
 -0.11082724E+002
 -0.11071689E+002
 -0.11060655E+002
 -0.11049620E+002
 -0.11038586E+002
 -0.11027551E+002
 -0.11016517E+002
 -0.11005482E+002
 -0.10994448E+002
 -0.10983413E+002
 -0.10972379E+002
 -0.10961344E+002
 -0.10950310E+002
 -0.10939275E+002
 -0.10928241E+002
 -0.10917206E+002
 -0.10906172E+002
 -0.10895137E+002
 -0.10884103E+002
 -0.10873068E+002
 -0.10862034E+002
 -0.10850999E+002
 -0.10839965E+002
 -0.10828930E+002
 -0.10817895E+002
 -0.10806861E+002
 -0.10795826E+002
 -0.10784792E+002
 -0.10773757E+002
 -0.10762723E+002
 -0.10751688E+002
 -0.10740654E+002
 -0.10729619E+002
 -0.10718585E+002
 -0.10707550E+002
 -0.10696516E+002
 -0.10685481E+002
 -0.10674447E+002
 -0.10663412E+002
 -0.10652378E+002
 -0.10641343E+002
 -0.10630309E+002
 -0.10619274E+002
 -0.10608240E+002
 -0.10597205E+002
 -0.10586171E+002
 -0.10575136E+002
 -0.10564101E+002
 -0.10553067E+002
 -0.10542032E+002
 -0.10530998E+002
 -0.10519963E+002
 -0.10508929E+002
 -0.10497894E+002
 -0.10486860E+002
 -0.10475825E+002
 -0.10464791E+002
 -0.10453756E+002
 -0.10442722E+002
 -0.10431687E+002
 -0.10420653E+002
 -0.10409618E+002
 -0.10398584E+002
 -0.10387549E+002
 -0.10376515E+002
 -0.10365480E+002
 -0.10354446E+002
 -0.10343411E+002
 -0.10332377E+002
 -0.10321342E+002
 -0.10310307E+002
 -0.10299273E+002
 -0.10288238E+002
 -0.10277204E+002
 -0.10266169E+002
 -0.10255135E+002
 -0.10244100E+002
 -0.10233066E+002
 -0.10222031E+002
 -0.10210997E+002
 -0.10199962E+002
 -0.10188928E+002
 -0.10177893E+002
 -0.10166859E+002
 -0.10155824E+002
 -0.10144790E+002
 -0.10133755E+002
 -0.10122721E+002
 -0.10111686E+002
 -0.10100652E+002
 -0.10089617E+002
 -0.10078583E+002
 -0.10067548E+002
 -0.10056513E+002
 -0.10045479E+002
 -0.10034444E+002
 -0.10023410E+002
 -0.10012375E+002
 -0.10001341E+002
 -0.99903064E+001
 -0.99792718E+001
 -0.99682373E+001
 -0.99572028E+001
 -0.99461683E+001
 -0.99351338E+001
 -0.99240992E+001
 -0.99130647E+001
 -0.99020302E+001
 -0.98909957E+001
 -0.98799611E+001
 -0.98689266E+001
 -0.98578921E+001
 -0.98468576E+001
 -0.98358231E+001
 -0.98247885E+001
 -0.98137540E+001
 -0.98027195E+001
 -0.97916850E+001
 -0.97806505E+001
 -0.97696159E+001
 -0.97585814E+001
 -0.97475469E+001
 -0.97365124E+001
 -0.97254778E+001
 -0.97144433E+001
 -0.97034088E+001
 -0.96923743E+001
 -0.96813398E+001
 -0.96703052E+001
 -0.96592707E+001
 -0.96482362E+001
 -0.96372017E+001
 -0.96261672E+001
 -0.96151326E+001
 -0.96040981E+001
 -0.95930636E+001
 -0.95820291E+001
 -0.95709945E+001
 -0.95599600E+001
 -0.95489255E+001
 -0.95378910E+001
 -0.95268565E+001
 -0.95158219E+001
 -0.95047874E+001
 -0.94937529E+001
 -0.94827184E+001
 -0.94716839E+001
 -0.94606493E+001
 -0.94496148E+001
 -0.94385803E+001
 -0.94275458E+001
 -0.94165112E+001
 -0.94054767E+001
 -0.93944422E+001
 -0.93834077E+001
 -0.93723732E+001
 -0.93613386E+001
 -0.93503041E+001
 -0.93392696E+001
 -0.93282351E+001
 -0.93172006E+001
 -0.93061660E+001
 -0.92951315E+001
 -0.92840970E+001
 -0.92730625E+001
 -0.92620279E+001
 -0.92509934E+001
 -0.92399589E+001
 -0.92289244E+001
 -0.92178899E+001
 -0.92068553E+001
 -0.91958208E+001
 -0.91847863E+001
 -0.91737518E+001
 -0.91627173E+001
 -0.91516827E+001
 -0.91406482E+001
 -0.91296137E+001
 -0.91185792E+001
 -0.91075446E+001
 -0.90965101E+001
 -0.90854756E+001
 -0.90744411E+001
 -0.90634066E+001
 -0.90523720E+001
 -0.90413375E+001
 -0.90303030E+001
 -0.90192685E+001
 -0.90082340E+001
 -0.89971994E+001
 -0.89861649E+001
 -0.89751304E+001
 -0.89640959E+001
 -0.89530613E+001
 -0.89420268E+001
 -0.89309923E+001
 -0.89199578E+001
 -0.89089233E+001
 -0.88978887E+001
 -0.88868542E+001
 -0.88758197E+001
 -0.88647852E+001
 -0.88537507E+001
 -0.88427161E+001
 -0.88316816E+001
 -0.88206471E+001
 -0.88096126E+001
 -0.87985780E+001
 -0.87875435E+001
 -0.87765090E+001
 -0.87654745E+001
 -0.87544400E+001
 -0.87434054E+001
 -0.87323709E+001
 -0.87213364E+001
 -0.87103019E+001
 -0.86992674E+001
 -0.86882328E+001
 -0.86771983E+001
 -0.86661638E+001
 -0.86551293E+001
 -0.86440947E+001
 -0.86330602E+001
 -0.86220257E+001
 -0.86109912E+001
 -0.85999567E+001
 -0.85889221E+001
 -0.85778876E+001
 -0.85668531E+001
 -0.85558186E+001
 -0.85447841E+001
 -0.85337495E+001
 -0.85227150E+001
 -0.85116805E+001
 -0.85006460E+001
 -0.84896114E+001
 -0.84785769E+001
 -0.84675424E+001
 -0.84565079E+001
 -0.84454734E+001
 -0.84344388E+001
 -0.84234043E+001
 -0.84123698E+001
 -0.84013353E+001
 -0.83903008E+001
 -0.83792662E+001
 -0.83682317E+001
 -0.83571972E+001
 -0.83461627E+001
 -0.83351281E+001
 -0.83240936E+001
 -0.83130591E+001
 -0.83020246E+001
 -0.82909901E+001
 -0.82799555E+001
 -0.82689210E+001
 -0.82578865E+001
 -0.82468520E+001
 -0.82358175E+001
 -0.82247829E+001
 -0.82137484E+001
 -0.82027139E+001
 -0.81916794E+001
 -0.81806448E+001
 -0.81696103E+001
 -0.81585758E+001
 -0.81475413E+001
 -0.81365068E+001
 -0.81254722E+001
 -0.81144377E+001
 -0.81034032E+001
 -0.80923687E+001
 -0.80813342E+001
 -0.80702996E+001
 -0.80592651E+001
 -0.80482306E+001
 -0.80371961E+001
 -0.80261615E+001
 -0.80151270E+001
 -0.80040925E+001
 -0.79930580E+001
 -0.79820235E+001
 -0.79709889E+001
 -0.79599544E+001
 -0.79489199E+001
 -0.79378854E+001
 -0.79268509E+001
 -0.79158163E+001
 -0.79047818E+001
 -0.78937473E+001
 -0.78827128E+001
 -0.78716782E+001
 -0.78606437E+001
 -0.78496092E+001
 -0.78385747E+001
 -0.78275402E+001
 -0.78165056E+001
 -0.78054711E+001
 -0.77944366E+001
 -0.77834021E+001
 -0.77723675E+001
 -0.77613330E+001
 -0.77502985E+001
 -0.77392640E+001
 -0.77282295E+001
 -0.77171949E+001
 -0.77061604E+001
 -0.76951259E+001
 -0.76840914E+001
 -0.76730569E+001
 -0.76620223E+001
 -0.76509878E+001
 -0.76399533E+001
 -0.76289188E+001
 -0.76178842E+001
 -0.76068497E+001
 -0.75958152E+001
 -0.75847807E+001
 -0.75737462E+001
 -0.75627116E+001
 -0.75516771E+001
 -0.75406426E+001
 -0.75296081E+001
 -0.75185736E+001
 -0.75075390E+001
 -0.74965045E+001
 -0.74854700E+001
 -0.74744355E+001
 -0.74634009E+001
 -0.74523664E+001
 -0.74413319E+001
 -0.74302974E+001
 -0.74192629E+001
 -0.74082283E+001
 -0.73971938E+001
 -0.73923176E+001
 -0.73874414E+001
 -0.73825651E+001
 -0.73776889E+001
 -0.73728127E+001
 -0.73679364E+001
 -0.73630602E+001
 -0.73581840E+001
 -0.73533077E+001
 -0.73484315E+001
 -0.73435553E+001
 -0.73386790E+001
 -0.73338028E+001
 -0.73289266E+001
 -0.73240503E+001
 -0.73191741E+001
 -0.73142979E+001
 -0.73094216E+001
 -0.73045454E+001
 -0.72996692E+001
 -0.72947929E+001
 -0.72899167E+001
 -0.72850405E+001
 -0.72801643E+001
 -0.72752880E+001
 -0.72704118E+001
 -0.72655356E+001
 -0.72606593E+001
 -0.72557831E+001
 -0.72509069E+001
 -0.72460306E+001
 -0.72411544E+001
 -0.72362782E+001
 -0.72314019E+001
 -0.72265257E+001
 -0.72216495E+001
 -0.72167732E+001
 -0.72118970E+001
 -0.72070208E+001
 -0.72021445E+001
 -0.71972683E+001
 -0.71923921E+001
 -0.71875158E+001
 -0.71826396E+001
 -0.71777634E+001
 -0.71728871E+001
 -0.71680109E+001
 -0.71631347E+001
 -0.71582585E+001
 -0.71533822E+001
 -0.71485060E+001
 -0.71436298E+001
 -0.71387535E+001
 -0.71338773E+001
 -0.71290011E+001
 -0.71241248E+001
 -0.71192486E+001
 -0.71143724E+001
 -0.71094961E+001
 -0.71046199E+001
 -0.70997437E+001
 -0.70948674E+001
 -0.70899912E+001
 -0.70851150E+001
 -0.70802387E+001
 -0.70753625E+001
 -0.70704863E+001
 -0.70656100E+001
 -0.70607338E+001
 -0.70558576E+001
 -0.70509813E+001
 -0.70461051E+001
 -0.70412289E+001
 -0.70363527E+001
 -0.70314764E+001
 -0.70266002E+001
 -0.70217240E+001
 -0.70168477E+001
 -0.70119715E+001
 -0.70070953E+001
 -0.70022190E+001
 -0.69973428E+001
 -0.69924666E+001
 -0.69875903E+001
 -0.69827141E+001
 -0.69778379E+001
 -0.69729616E+001
 -0.69680854E+001
 -0.69632092E+001
 -0.69583329E+001
 -0.69534567E+001
 -0.69485805E+001
 -0.69437042E+001
 -0.69388280E+001
 -0.69339518E+001
 -0.69290755E+001
 -0.69241993E+001
 -0.69193231E+001
 -0.69144469E+001
 -0.69095706E+001
 -0.69046944E+001
 -0.68998182E+001
 -0.68949419E+001
 -0.68900657E+001
 -0.68851895E+001
 -0.68803132E+001
 -0.68754370E+001
 -0.68705608E+001
 -0.68656845E+001
 -0.68608083E+001
 -0.68559321E+001
 -0.68510558E+001
 -0.68461796E+001
 -0.68413034E+001
 -0.68364271E+001
 -0.68315509E+001
 -0.68266747E+001
 -0.68217984E+001
 -0.68169222E+001
 -0.68120460E+001
 -0.68071697E+001
 -0.68022935E+001
 -0.67974173E+001
 -0.67925411E+001
 -0.67876648E+001
 -0.67827886E+001
 -0.67779124E+001
 -0.67730361E+001
 -0.67681599E+001
 -0.67632837E+001
 -0.67584074E+001
 -0.67535312E+001
 -0.67486550E+001
 -0.67437787E+001
 -0.67389025E+001
 -0.67340263E+001
 -0.67291500E+001
 -0.67242738E+001
 -0.67193976E+001
 -0.67145213E+001
 -0.67096451E+001
 -0.67047689E+001
 -0.66998926E+001
 -0.66950164E+001
 -0.66901402E+001
 -0.66852639E+001
 -0.66803877E+001
 -0.66755115E+001
 -0.66706353E+001
 -0.66657590E+001
 -0.66608828E+001
 -0.66560066E+001
 -0.66511303E+001
 -0.66462541E+001
 -0.66413779E+001
 -0.66365016E+001
 -0.66316254E+001
 -0.66267492E+001
 -0.66218729E+001
 -0.66169967E+001
 -0.66121205E+001
 -0.66072442E+001
 -0.66023680E+001
 -0.65974918E+001
 -0.65926155E+001
 -0.65877393E+001
 -0.65828631E+001
 -0.65779868E+001
 -0.65731106E+001
 -0.65682344E+001
 -0.65633581E+001
 -0.65584819E+001
 -0.65536057E+001
 -0.65487295E+001
 -0.65438532E+001
 -0.65389770E+001
 -0.65341008E+001
 -0.65292245E+001
 -0.65243483E+001
 -0.65194721E+001
 -0.65145958E+001
 -0.65097196E+001
 -0.65048434E+001
 -0.64999671E+001
 -0.64950909E+001
 -0.64902147E+001
 -0.64853384E+001
 -0.64804622E+001
 -0.64755860E+001
 -0.64707097E+001
 -0.64658335E+001
 -0.64609573E+001
 -0.64560810E+001
 -0.64512048E+001
 -0.64463286E+001
 -0.64414523E+001
 -0.64365761E+001
 -0.64316999E+001
 -0.64268237E+001
 -0.64219474E+001
 -0.64005409E+001
 -0.63791344E+001
 -0.63577279E+001
 -0.63363215E+001
 -0.63149150E+001
 -0.62935085E+001
 -0.62721020E+001
 -0.62506955E+001
 -0.62292890E+001
 -0.62078825E+001
 -0.61864760E+001
 -0.61650695E+001
 -0.61436630E+001
 -0.61222565E+001
 -0.61008500E+001
 -0.60794436E+001
 -0.60580371E+001
 -0.60366306E+001
 -0.60152241E+001
 -0.59938176E+001
 -0.59724111E+001
 -0.59510046E+001
 -0.59295981E+001
 -0.59081916E+001
 -0.58867851E+001
 -0.58653786E+001
 -0.58439722E+001
 -0.58225657E+001
 -0.58011592E+001
 -0.57797527E+001
 -0.57583462E+001
 -0.57369397E+001
 -0.57155332E+001
 -0.56941267E+001
 -0.56727202E+001
 -0.56513137E+001
 -0.56299072E+001
 -0.56085007E+001
 -0.55870943E+001
 -0.55656878E+001
 -0.55442813E+001
 -0.55228748E+001
 -0.55014683E+001
 -0.54800618E+001
 -0.54586553E+001
 -0.54372488E+001
 -0.54158423E+001
 -0.53944358E+001
 -0.53730293E+001
 -0.53516228E+001
 -0.53302164E+001
 -0.53088099E+001
 -0.52874034E+001
 -0.52659969E+001
 -0.52445904E+001
 -0.52231839E+001
 -0.52017774E+001
 -0.51803709E+001
 -0.51589644E+001
 -0.51375579E+001
 -0.51161514E+001
 -0.50947450E+001
 -0.50733385E+001
 -0.50519320E+001
 -0.50305255E+001
 -0.50091190E+001
 -0.49877125E+001
 -0.49663060E+001
 -0.49448995E+001
 -0.49234930E+001
 -0.49020865E+001
 -0.48806800E+001
 -0.48592735E+001
 -0.48378671E+001
 -0.48164606E+001
 -0.47950541E+001
 -0.47736476E+001
 -0.47522411E+001
 -0.47308346E+001
 -0.47094281E+001
 -0.46880216E+001
 -0.46666151E+001
 -0.46452086E+001
 -0.46238021E+001
 -0.46023956E+001
 -0.45809892E+001
 -0.45595827E+001
 -0.45381762E+001
 -0.45167697E+001
 -0.44953632E+001
 -0.44739567E+001
 -0.44525502E+001
 -0.44311437E+001
 -0.44097372E+001
 -0.43883307E+001
 -0.43669242E+001
 -0.43455178E+001
 -0.43241113E+001
 -0.43027048E+001
 -0.42812983E+001
 -0.42598918E+001
 -0.42384853E+001
 -0.42170788E+001
 -0.41956723E+001
 -0.41742658E+001
 -0.41528593E+001
 -0.41314528E+001
 -0.41100463E+001
 -0.40886399E+001
 -0.40672334E+001
 -0.40458269E+001
 -0.40244204E+001
 -0.40030139E+001
 -0.39816074E+001
 -0.39602009E+001
 -0.39387944E+001
 -0.39173879E+001
 -0.38959814E+001
 -0.38745749E+001
 -0.38531685E+001
 -0.38317620E+001
 -0.38103555E+001
 -0.37889490E+001
 -0.37675425E+001
 -0.37461360E+001
 -0.37247295E+001
 -0.37033230E+001
 -0.36819165E+001
 -0.36605100E+001
 -0.36391035E+001
 -0.36176970E+001
 -0.35962906E+001
 -0.35748841E+001
 -0.35534776E+001
 -0.35320711E+001
 -0.35106646E+001
 -0.34892581E+001
 -0.34678516E+001
 -0.34464451E+001
 -0.34250386E+001
 -0.34036321E+001
 -0.33822256E+001
 -0.33608191E+001
 -0.33394127E+001
 -0.33180062E+001
 -0.32965997E+001
 -0.32751932E+001
 -0.32537867E+001
 -0.32323802E+001
 -0.32109737E+001
 -0.31895672E+001
 -0.31681607E+001
 -0.31467542E+001
 -0.31253477E+001
 -0.31039413E+001
 -0.30825348E+001
 -0.30611283E+001
 -0.30397218E+001
 -0.30183153E+001
 -0.29969088E+001
 -0.29755023E+001
 -0.29540958E+001
 -0.29326893E+001
 -0.29112828E+001
 -0.28898763E+001
 -0.28684698E+001
 -0.28470634E+001
 -0.28256569E+001
 -0.28042504E+001
 -0.27828439E+001
 -0.27614374E+001
 -0.27400309E+001
 -0.27186244E+001
 -0.26972179E+001
 -0.26758114E+001
 -0.26544049E+001
 -0.26329984E+001
 -0.26115920E+001
 -0.25901855E+001
 -0.25687790E+001
 -0.25473725E+001
 -0.25259660E+001
 -0.25045595E+001
 -0.24831530E+001
 -0.24617465E+001
 -0.24403400E+001
 -0.24189335E+001
 -0.23975270E+001
 -0.23761205E+001
 -0.23547141E+001
 -0.23333076E+001
 -0.23119011E+001
 -0.22904946E+001
 -0.22690881E+001
 -0.22476816E+001
 -0.22262751E+001
 -0.22048686E+001
 -0.21834621E+001
 -0.21620556E+001
 -0.21406491E+001
 -0.21192426E+001
 -0.20978362E+001
 -0.20764297E+001
 -0.20550232E+001
 -0.20336167E+001
 -0.20122102E+001
 -0.19908037E+001
 -0.19693972E+001
 -0.19479907E+001
 -0.19265842E+001
 -0.19051777E+001
 -0.18837712E+001
 -0.18623648E+001
 -0.18409583E+001
 -0.18195518E+001
 -0.17981453E+001
 -0.17767388E+001
 -0.17553323E+001
 -0.17339258E+001
 -0.17125193E+001
 -0.16911128E+001
 -0.16697063E+001
 -0.16482998E+001
 -0.16268933E+001
 -0.16054869E+001
 -0.15840804E+001
 -0.15626739E+001
 -0.15412674E+001
 -0.15198609E+001
 -0.14984544E+001
 -0.14770479E+001
 -0.14556414E+001
 -0.14342349E+001
 -0.14128284E+001
 -0.13914219E+001
 -0.13700154E+001
 -0.13486090E+001
 -0.13272025E+001
 -0.13057960E+001
 -0.12843895E+001
 -0.12629830E+001
 -0.12415765E+001
 -0.12201700E+001
 -0.11987635E+001
 -0.11773570E+001
 -0.11559505E+001
 -0.11345440E+001
 -0.11131376E+001
 -0.10917311E+001
 -0.10703246E+001
 -0.10489181E+001
 -0.10275116E+001
 -0.10061051E+001
 -0.98469860E+000
 -0.96329211E+000
 -0.94188562E+000
 -0.92047913E+000
 -0.89907264E+000
 -0.87766615E+000
 -0.85625966E+000
 -0.83485316E+000
 -0.81344667E+000
 -0.79204018E+000
 -0.77063369E+000
 -0.74922720E+000
 -0.72782071E+000
 -0.70641422E+000
 -0.68500772E+000
 -0.66360123E+000
 -0.64219474E+000
 -0.62078825E+000
 -0.59938176E+000
 -0.57797527E+000
 -0.55656878E+000
 -0.53516228E+000
 -0.51375579E+000
 -0.49234930E+000
 -0.47094281E+000
 -0.44953632E+000
 -0.42812983E+000
 -0.40672334E+000
 -0.38531685E+000
 -0.36391035E+000
 -0.34250386E+000
 -0.32109737E+000
 -0.29969088E+000
 -0.27828439E+000
 -0.25687790E+000
 -0.23547141E+000
 -0.21406491E+000
 -0.19265842E+000
 -0.17125193E+000
 -0.14984544E+000
 -0.12843895E+000
 -0.10703246E+000
 -0.85625966E-001
 -0.64219474E-001
 -0.42812983E-001
 -0.21406491E-001
  0.00000000E+000
