 -0.73971938E+001
 -0.73922931E+001
 -0.73873923E+001
 -0.73824916E+001
 -0.73775909E+001
 -0.73726901E+001
 -0.73677894E+001
 -0.73628887E+001
 -0.73579879E+001
 -0.73530872E+001
 -0.73481865E+001
 -0.73432857E+001
 -0.73383850E+001
 -0.73334843E+001
 -0.73285835E+001
 -0.73236828E+001
 -0.73187820E+001
 -0.73138813E+001
 -0.73089806E+001
 -0.73040798E+001
 -0.72991791E+001
 -0.72942784E+001
 -0.72893776E+001
 -0.72844769E+001
 -0.72795762E+001
 -0.72746754E+001
 -0.72697747E+001
 -0.72648740E+001
 -0.72599732E+001
 -0.72550725E+001
 -0.72501718E+001
 -0.72452710E+001
 -0.72403703E+001
 -0.72354695E+001
 -0.72305688E+001
 -0.72256681E+001
 -0.72207673E+001
 -0.72158666E+001
 -0.72109659E+001
 -0.72060651E+001
 -0.72011644E+001
 -0.71962637E+001
 -0.71913629E+001
 -0.71864622E+001
 -0.71815615E+001
 -0.71766607E+001
 -0.71717600E+001
 -0.71668592E+001
 -0.71619585E+001
 -0.71570578E+001
 -0.71521570E+001
 -0.71472563E+001
 -0.71423556E+001
 -0.71374548E+001
 -0.71325541E+001
 -0.71276534E+001
 -0.71227526E+001
 -0.71178519E+001
 -0.71129512E+001
 -0.71080504E+001
 -0.71031497E+001
 -0.70982489E+001
 -0.70933482E+001
 -0.70884475E+001
 -0.70835467E+001
 -0.70786460E+001
 -0.70737453E+001
 -0.70688445E+001
 -0.70639438E+001
 -0.70590431E+001
 -0.70541423E+001
 -0.70492416E+001
 -0.70443409E+001
 -0.70394401E+001
 -0.70345394E+001
 -0.70296386E+001
 -0.70247379E+001
 -0.70198372E+001
 -0.70149364E+001
 -0.70100357E+001
 -0.70051350E+001
 -0.70002342E+001
 -0.69953335E+001
 -0.69904328E+001
 -0.69855320E+001
 -0.69806313E+001
 -0.69757306E+001
 -0.69708298E+001
 -0.69659291E+001
 -0.69610283E+001
 -0.69561276E+001
 -0.69512269E+001
 -0.69463261E+001
 -0.69414254E+001
 -0.69365247E+001
 -0.69316239E+001
 -0.69267232E+001
 -0.69218225E+001
 -0.69169217E+001
 -0.69120210E+001
 -0.69071203E+001
 -0.69022195E+001
 -0.68973188E+001
 -0.68924180E+001
 -0.68875173E+001
 -0.68826166E+001
 -0.68777158E+001
 -0.68728151E+001
 -0.68679144E+001
 -0.68630136E+001
 -0.68581129E+001
 -0.68532122E+001
 -0.68483114E+001
 -0.68434107E+001
 -0.68385100E+001
 -0.68336092E+001
 -0.68287085E+001
 -0.68238077E+001
 -0.68189070E+001
 -0.68140063E+001
 -0.68091055E+001
 -0.68042048E+001
 -0.67993041E+001
 -0.67944033E+001
 -0.67895026E+001
 -0.67846019E+001
 -0.67797011E+001
 -0.67748004E+001
 -0.67698997E+001
 -0.67649989E+001
 -0.67600982E+001
 -0.67551974E+001
 -0.67502967E+001
 -0.67453960E+001
 -0.67404952E+001
 -0.67355945E+001
 -0.67306938E+001
 -0.67257930E+001
 -0.67208923E+001
 -0.67159916E+001
 -0.67110908E+001
 -0.67061901E+001
 -0.67012894E+001
 -0.66963886E+001
 -0.66914879E+001
 -0.66865871E+001
 -0.66816864E+001
 -0.66767857E+001
 -0.66718849E+001
 -0.66669842E+001
 -0.66620835E+001
 -0.66571827E+001
 -0.66522820E+001
 -0.66473813E+001
 -0.66424805E+001
 -0.66375798E+001
 -0.66326791E+001
 -0.66277783E+001
 -0.66228776E+001
 -0.66179768E+001
 -0.66130761E+001
 -0.66081754E+001
 -0.66032746E+001
 -0.65983739E+001
 -0.65934732E+001
 -0.65885724E+001
 -0.65836717E+001
 -0.65787710E+001
 -0.65738702E+001
 -0.65689695E+001
 -0.65640688E+001
 -0.65591680E+001
 -0.65542673E+001
 -0.65493665E+001
 -0.65444658E+001
 -0.65395651E+001
 -0.65346643E+001
 -0.65297636E+001
 -0.65248629E+001
 -0.65199621E+001
 -0.65150614E+001
 -0.65101607E+001
 -0.65052599E+001
 -0.65003592E+001
 -0.64954585E+001
 -0.64905577E+001
 -0.64856570E+001
 -0.64807562E+001
 -0.64758555E+001
 -0.64709548E+001
 -0.64660540E+001
 -0.64611533E+001
 -0.64562526E+001
 -0.64513518E+001
 -0.64464511E+001
 -0.64415504E+001
 -0.64366496E+001
 -0.64317489E+001
 -0.64268482E+001
 -0.64219474E+001
 -0.64004693E+001
 -0.63789912E+001
 -0.63575132E+001
 -0.63360351E+001
 -0.63145570E+001
 -0.62930789E+001
 -0.62716008E+001
 -0.62501227E+001
 -0.62286447E+001
 -0.62071666E+001
 -0.61856885E+001
 -0.61642104E+001
 -0.61427323E+001
 -0.61212542E+001
 -0.60997761E+001
 -0.60782981E+001
 -0.60568200E+001
 -0.60353419E+001
 -0.60138638E+001
 -0.59923857E+001
 -0.59709076E+001
 -0.59494295E+001
 -0.59279515E+001
 -0.59064734E+001
 -0.58849953E+001
 -0.58635172E+001
 -0.58420391E+001
 -0.58205610E+001
 -0.57990830E+001
 -0.57776049E+001
 -0.57561268E+001
 -0.57346487E+001
 -0.57131706E+001
 -0.56916925E+001
 -0.56702144E+001
 -0.56487364E+001
 -0.56272583E+001
 -0.56057802E+001
 -0.55843021E+001
 -0.55628240E+001
 -0.55413459E+001
 -0.55198678E+001
 -0.54983898E+001
 -0.54769117E+001
 -0.54554336E+001
 -0.54339555E+001
 -0.54124774E+001
 -0.53909993E+001
 -0.53695213E+001
 -0.53480432E+001
 -0.53265651E+001
 -0.53050870E+001
 -0.52836089E+001
 -0.52621308E+001
 -0.52406527E+001
 -0.52191747E+001
 -0.51976966E+001
 -0.51762185E+001
 -0.51547404E+001
 -0.51332623E+001
 -0.51117842E+001
 -0.50903061E+001
 -0.50688281E+001
 -0.50473500E+001
 -0.50258719E+001
 -0.50043938E+001
 -0.49829157E+001
 -0.49614376E+001
 -0.49399596E+001
 -0.49184815E+001
 -0.48970034E+001
 -0.48755253E+001
 -0.48540472E+001
 -0.48325691E+001
 -0.48110910E+001
 -0.47896130E+001
 -0.47681349E+001
 -0.47466568E+001
 -0.47251787E+001
 -0.47037006E+001
 -0.46822225E+001
 -0.46607444E+001
 -0.46392664E+001
 -0.46177883E+001
 -0.45963102E+001
 -0.45748321E+001
 -0.45533540E+001
 -0.45318759E+001
 -0.45103979E+001
 -0.44889198E+001
 -0.44674417E+001
 -0.44459636E+001
 -0.44244855E+001
 -0.44030074E+001
 -0.43815293E+001
 -0.43600513E+001
 -0.43385732E+001
 -0.43170951E+001
 -0.42956170E+001
 -0.42741389E+001
 -0.42526608E+001
 -0.42311827E+001
 -0.42097047E+001
 -0.41882266E+001
 -0.41667485E+001
 -0.41452704E+001
 -0.41237923E+001
 -0.41023142E+001
 -0.40808362E+001
 -0.40593581E+001
 -0.40378800E+001
 -0.40164019E+001
 -0.39949238E+001
 -0.39734457E+001
 -0.39519676E+001
 -0.39304896E+001
 -0.39090115E+001
 -0.38875334E+001
 -0.38660553E+001
 -0.38445772E+001
 -0.38230991E+001
 -0.38016210E+001
 -0.37801430E+001
 -0.37586649E+001
 -0.37371868E+001
 -0.37157087E+001
 -0.36942306E+001
 -0.36727525E+001
 -0.36512745E+001
 -0.36297964E+001
 -0.36083183E+001
 -0.35868402E+001
 -0.35653621E+001
 -0.35438840E+001
 -0.35224059E+001
 -0.35009279E+001
 -0.34794498E+001
 -0.34579717E+001
 -0.34364936E+001
 -0.34150155E+001
 -0.33935374E+001
 -0.33720593E+001
 -0.33505813E+001
 -0.33291032E+001
 -0.33076251E+001
 -0.32861470E+001
 -0.32646689E+001
 -0.32431908E+001
 -0.32217128E+001
 -0.32002347E+001
 -0.31787566E+001
 -0.31572785E+001
 -0.31358004E+001
 -0.31143223E+001
 -0.30928442E+001
 -0.30713662E+001
 -0.30498881E+001
 -0.30284100E+001
 -0.30069319E+001
 -0.29854538E+001
 -0.29639757E+001
 -0.29424976E+001
 -0.29210196E+001
 -0.28995415E+001
 -0.28780634E+001
 -0.28565853E+001
 -0.28351072E+001
 -0.28136291E+001
 -0.27921511E+001
 -0.27706730E+001
 -0.27491949E+001
 -0.27277168E+001
 -0.27062387E+001
 -0.26847606E+001
 -0.26632825E+001
 -0.26418045E+001
 -0.26203264E+001
 -0.25988483E+001
 -0.25773702E+001
 -0.25558921E+001
 -0.25344140E+001
 -0.25129359E+001
 -0.24914579E+001
 -0.24699798E+001
 -0.24485017E+001
 -0.24270236E+001
 -0.24055455E+001
 -0.23840674E+001
 -0.23625894E+001
 -0.23411113E+001
 -0.23196332E+001
 -0.22981551E+001
 -0.22766770E+001
 -0.22551989E+001
 -0.22337208E+001
 -0.22122428E+001
 -0.21907647E+001
 -0.21692866E+001
 -0.21478085E+001
 -0.21263304E+001
 -0.21048523E+001
 -0.20833742E+001
 -0.20618962E+001
 -0.20404181E+001
 -0.20189400E+001
 -0.19974619E+001
 -0.19759838E+001
 -0.19545057E+001
 -0.19330277E+001
 -0.19115496E+001
 -0.18900715E+001
 -0.18685934E+001
 -0.18471153E+001
 -0.18256372E+001
 -0.18041591E+001
 -0.17826811E+001
 -0.17612030E+001
 -0.17397249E+001
 -0.17182468E+001
 -0.16967687E+001
 -0.16752906E+001
 -0.16538125E+001
 -0.16323345E+001
 -0.16108564E+001
 -0.15893783E+001
 -0.15679002E+001
 -0.15464221E+001
 -0.15249440E+001
 -0.15034660E+001
 -0.14819879E+001
 -0.14605098E+001
 -0.14390317E+001
 -0.14175536E+001
 -0.13960755E+001
 -0.13745974E+001
 -0.13531194E+001
 -0.13316413E+001
 -0.13101632E+001
 -0.12886851E+001
 -0.12672070E+001
 -0.12457289E+001
 -0.12242508E+001
 -0.12027728E+001
 -0.11812947E+001
 -0.11598166E+001
 -0.11383385E+001
 -0.11168604E+001
 -0.10953823E+001
 -0.10739043E+001
 -0.10524262E+001
 -0.10309481E+001
 -0.10094700E+001
 -0.98799191E+000
 -0.96651383E+000
 -0.94503574E+000
 -0.92355766E+000
 -0.90207957E+000
 -0.88060149E+000
 -0.85912340E+000
 -0.83764532E+000
 -0.81616723E+000
 -0.79468915E+000
 -0.77321106E+000
 -0.75173298E+000
 -0.73025489E+000
 -0.70877681E+000
 -0.68729872E+000
 -0.66582064E+000
 -0.64434255E+000
 -0.62286447E+000
 -0.60138638E+000
 -0.57990830E+000
 -0.55843021E+000
 -0.53695213E+000
 -0.51547404E+000
 -0.49399596E+000
 -0.47251787E+000
 -0.45103979E+000
 -0.42956170E+000
 -0.40808362E+000
 -0.38660553E+000
 -0.36512745E+000
 -0.34364936E+000
 -0.32217128E+000
 -0.30069319E+000
 -0.27921511E+000
 -0.25773702E+000
 -0.23625894E+000
 -0.21478085E+000
 -0.19330277E+000
 -0.17182468E+000
 -0.15034660E+000
 -0.12886851E+000
 -0.10739043E+000
 -0.85912340E-001
 -0.64434255E-001
 -0.42956170E-001
 -0.21478085E-001
  0.00000000E+000
  0.21478085E-001
